CREST2.1/CREST2.1_redist/CREST_Example/Results/Slope.asc
nCols 		     197
nRows 		     167
XLLCorner 	  33.949990
YLLCorner 	  -0.108333
cellSize 	    0.008333
NODATA_value      -9999.
[rows 38 to 56 of 167, columns 126 to 167 of 197]
0.013046461984507 0.019534427869119 0.015348778805302 0.010852459927289 0.021488290327423 0.014108197905475 0.030697557610604 0.024964180190349 0.023878781051638 0.018451785358084 0.000767438940265 0.015195587941952 0.032232435491134 0.027627801849544 0.037604508072990 0.026092923969013 0.003255737978187 0.016278689890933 0.032232435491134 0.023790607148218 0.023878781051638 0.001480670563624 0.010853991387108 0.018418534566362 0.030391175883903 0.030391175883903 0.027134978467771 0.030391175883903 0.001085245992729 0.020622583635506 0.017651095626097 0.022793381912927 0.029301641803679 0.029930118670339 0.056440755212963 0.059688529600087 0.115115841039765 0.174208639440178 0.082490334542023 0.033647373300036 0.032561974161325 0.007674389402651
0.016278689890933 0.014581322129795 0.019185950170783 0.011937705920017 0.022790165847306 0.005426229963644 0.019953388177614 0.016883636150289 0.025325454225434 0.032561894940220 0.009767213934560 0.001480670563624 0.021707929960146 0.026092892232265 0.033767272300578 0.034732687936234 0.006906942061482 0.013022951912746 0.036069586321072 0.026045903825493 0.007596721949102 0.003069752027325 0.032561894940220 0.023023140204940 0.023023140204940 0.026860330239096 0.019185950170783 0.033647291438227 0.003255737978187 0.006512378988044 0.018451740466124 0.029301641803679 0.015193443898204 0.029162644259590 0.056440617896381 0.023875411840035 0.054488098485024 0.148699320227003 0.048348594430373 0.082490133848556 0.051013635406344 0.019537136964132
0.000767437081515 0.011937705920017 0.022793271485817 0.004340983970915 0.006139496652118 0.009768544922493 0.021707877605540 0.020622483725263 0.032561816408310 0.021488238282412 0.022793271485817 0.003837185407574 0.004341575521108 0.022255675363927 0.030391028647756 0.024557986608471 0.014110120443601 0.003837185407574 0.033642625774595 0.001047063526284 0.001534874163029 0.011939332683047 0.016883615793324 0.008683151042216 0.006512363281662 0.018451695964709 0.011511556222721 0.031476422528033 0.007674370815147 0.010852459927289 0.011937705920017 0.015193443898204 0.019534427869119 0.037604416994222 0.037604416994222 0.029301641803679 0.055255469869060 0.149784355478227 0.132766615102048 0.075208833988443 0.080580893559046 0.056440481774405
0.026049390852471 0.006139489314523 0.020619673861848 0.009976670136099 0.014110086711755 0.016278689890933 0.028395138079667 0.014108197905475 0.015348723286306 0.031464882736928 0.032561738565589 0.017363935883662 0.001085245992729 0.030390955994550 0.029162574243982 0.023875411840035 0.029301641803679 0.008681967941831 0.010744106300414 0.001047062274890 0.031476347280069 0.031464882736928 0.022255648765144 0.022790165847306 0.021488212600829 0.021704919854577 0.024960657832764 0.029305564709030 0.003255737978187 0.004604616985892 0.009768521569677 0.001480868795877 0.010853912855196 0.029301641803679 0.035302063558505 0.020720776436514 0.039074086278707 0.080580797253108 0.148115179712856 0.111278243825721 0.059860020816595 0.058611129418060
0.030390883984577 0.017366219419759 0.001480670563624 0.014110053278554 0.011511528828496 0.019185881380827 0.019534427869119 0.015348705104661 0.027134717843373 0.028220106557108 0.016116140359894 0.024963940415903 0.001480670563624 0.029305495270843 0.034732438839517 0.014108197905475 0.000767435255233 0.001480670563624 0.001085245992729 0.019534427869119 0.030386887796408 0.027131149818221 0.018449181876391 0.017363935883662 0.026045903825493 0.027131149818221 0.031472133789137 0.029301641803679 0.003069741020932 0.015195441992289 0.023875411840035 0.020619673861848 0.006906917297098 0.003256166141205 0.023878551702168 0.025325363422691 0.023878551702168 0.039073993694457 0.083650442820405 0.101301453690765 0.047757103404336 0.019536996847228
0.008441777896948 0.031476198782755 0.007596721949102 0.001480861809518 0.024557899336576 0.027131149818221 0.008441777896948 0.020619673861848 0.017650990148164 0.023790464982308 0.030697374170719 0.039073901937213 0.001480670563624 0.014110020143993 0.029305426452909 0.003255737978187 0.003256158494768 0.004341544659690 0.007597703154458 0.001480861809518 0.001085386164923 0.004341544659690 0.006512316989535 0.002170772329845 0.001480861809518 0.002170772329845 0.005426930824613 0.005426930824613 0.016280792473839 0.026049267958142 0.023023030628040 0.026860202399380 0.042324593716425 0.003255737978187 0.005426930824613 0.013022951912746 0.029929939816451 0.026860202399380 0.057525466740896 0.057525466740896 0.049115798673151 0.032561584947677
0.014581235766981 0.023878440059812 0.013022951912746 0.007597685473576 0.031472133789137 0.022790165847306 0.016278689890933 0.013046368844141 0.024960657832764 0.027131149818221 0.036898363752781 0.041244578285129 0.001480670563624 0.004341534556329 0.001085245992729 0.001534866922840 0.022793056420729 0.013022951912746 0.001085245992729 0.014108197905475 0.026045903825493 0.022790165847306 0.041239347723697 0.027131149818221 0.026045903825493 0.031472133789137 0.021704919854577 0.011937705920017 0.009767213934560 0.013813802305561 0.018451521864400 0.024963823698894 0.064464410759284 0.065114759563732 0.008441768075621 0.001480858363353 0.022793056420729 0.042329961924211 0.036836806148162 0.039139106532423 0.040159194646047 0.022793056420729
0.019185814417231 0.014109954770782 0.009767213934560 0.026045903825493 0.010852459927289 0.000767432576689 0.018451479315637 0.015193443898204 0.027131149818221 0.036898363752781 0.024557842454056 0.022793003860493 0.013813786380407 0.004340983970915 0.009209190920271 0.027134528405349 0.035301898527706 0.011937705920017 0.001047057380062 0.028216395810950 0.028395005337502 0.049921315665527 0.064464336441897 0.046665577687341 0.042324593716425 0.042324593716425 0.037988339767489 0.023875411840035 0.018451479315637 0.033642625774595 0.022255544723988 0.033767033374327 0.025325275030745 0.068301499325344 0.026045903825493 0.000767432576689 0.013024573634568 0.024557842454056 0.028219909541563 0.046671388857200 0.043743656871288 0.033642625774595
0.035817495658467 0.008683029250537 0.002170491985458 0.001534863400151 0.006512271937903 0.013024543875806 0.002302295100227 0.001480851565048 0.001480851565048 0.002170757312634 0.019536815813709 0.035301858203477 0.045585903565321 0.001480670563624 0.011939165219489 0.014109922532123 0.021488087602117 0.019536815813709 0.023878330438978 0.007674317000756 0.001047056184042 0.004340983970915 0.016883497401663 0.059688529600087 0.067285251549189 0.066200005556460 0.074891127285885 0.008681967941831 0.037988252971101 0.015348634001512 0.026045903825493 0.049115628804838 0.046813333704611 0.072138579807106 0.036902874314784 0.019534427869119 0.001047056184042 0.026049087751612 0.048842039534273 0.032232131403175 0.022792951782661 0.001480670563624
0.033646662181142 0.014109890592092 0.001480670563624 0.019536771589050 0.030386887796408 0.039068855738239 0.028216395810950 0.039068855738239 0.030386887796408 0.003255737978187 0.006512257196350 0.031472133789137 0.031475909782359 0.011937705920017 0.001480848212907 0.001047054999097 0.024963652586009 0.024557786610530 0.023790355778951 0.034732038380534 0.008681967941831 0.013046324136844 0.015195266791484 0.018449181876391 0.014581185800002 0.014109890592092 0.070549452960460 0.004340983970915 0.015348616631581 0.042329671776276 0.001480670563624 0.013046324136844 0.027627509936846 0.056022450705271 0.069068774842114 0.052098057570801 0.016278689890933 0.003256128598175 0.026860079105267 0.032999525757899 0.017363935883662 0.012278893305265
0.032232058790384 0.013024485185247 0.001480670563624 0.029305091666806 0.022255469164789 0.028394908934386 0.031472133789137 0.027131149818221 0.024557759078388 0.029301641803679 0.004604579827198 0.001480844892107 0.018449181876391 0.003069719884798 0.014109858950684 0.013022951912746 0.007596721949102 0.020619673861848 0.031472133789137 0.016116029395192 0.017365980246996 0.017365980246996 0.010853737654373 0.002170747530875 0.001480844892107 0.001480844892107 0.042976078387179 0.056432791621901 0.027627478963186 0.026860048991987 0.051012566975552 0.005426868827186 0.007597616358061 0.004604579827198 0.048348088185576 0.084659153704107 0.014108197905475 0.006139439769597 0.029305091666806 0.028216395810950 0.006139439769597 0.046671071913803
0.035817254696971 0.008681967941831 0.013046295021934 0.027134283861341 0.011511436784059 0.020622055734619 0.036069168590053 0.031464593876429 0.017363935883662 0.034534310352178 0.024960657832764 0.007596721949102 0.001047052662430 0.013024456253444 0.031475769279156 0.022255444449181 0.031464593876429 0.001047052662430 0.018449181876391 0.035813117760052 0.026045903825493 0.018449181876391 0.011937705920017 0.001480670563624 0.001047052662430 0.001047052662430 0.013022951912746 0.031464593876429 0.055347545629172 0.030386887796408 0.029929735638554 0.009768342190083 0.016280570316805 0.001047052662430 0.027627448281743 0.072138337180105 0.031475769279156 0.001480670563624 0.008682970835629 0.003256114063361 0.035817254696971 0.058610053140497
0.030390331060336 0.001047051510708 0.020622010362371 0.035813117760052 0.027627417892514 0.017363935883662 0.028216395810950 0.023022848243762 0.034534272365643 0.031464559266474 0.032561068993217 0.012278852396673 0.021704919854577 0.026045903825493 0.029929702716890 0.032557379781866 0.046813124762316 0.049882837861484 0.030697130991682 0.021704919854577 0.023022848243762 0.014581137221049 0.008441711022713 0.013022951912746 0.010852459927289 0.014108197905475 0.019185706869802 0.013813708946257 0.014581137221049 0.023875411840035 0.009767213934560 0.015348565495841 0.014581137221049 0.007597582765084 0.035817175892539 0.058609924187791 0.019185706869802 0.018449181876391 0.024960657832764 0.091160663389224 0.098757385338326 0.069068544731285
0.022255395724153 0.018449181876391 0.001047050370062 0.004340983970915 0.018451232223763 0.010853666013978 0.004341466405591 0.005426833006989 0.034731731244730 0.024963431832149 0.022255395724153 0.019534427869119 0.014581121336514 0.062944267578274 0.042975936570779 0.048347928642127 0.041441081693251 0.029301641803679 0.023790250601681 0.026045903825493 0.027131149818221 0.025325105479209 0.012278839020223 0.015195132419569 0.014108197905475 0.009767213934560 0.013813693897750 0.009976556703931 0.016115976214042 0.007596721949102 0.003069709755056 0.006511475956373 0.009767213934560 0.013046266458987 0.043743364009543 0.069463462489459 0.009209129265167 0.023875411840035 0.059091912784821 0.071626235520105 0.055254775591002 0.035813117760052
0.028394784601555 0.030697064434114 0.015195099630551 0.001480670563624 0.031475563520427 0.026045903825493 0.034727871767323 0.020720518493027 0.015348532217057 0.023878013705152 0.036898363752781 0.031472133789137 0.028216395810950 0.028394784601555 0.045585298891653 0.030386887796408 0.031472133789137 0.037983609745510 0.039906183764348 0.009976545941087 0.035813117760052 0.041441036986054 0.033766770877525 0.023790224936438 0.030386887796408 0.028216395810950 0.016278689890933 0.001480670563624 0.005426229963644 0.014108197905475 0.013022951912746 0.009209119330234 0.004341457037300 0.011939006852576 0.055353577225579 0.022255371714732 0.054262299636443 0.043414570373003 0.056789569203110 0.048841391669628 0.006139412886823 0.015348532217057
0.032557379781866 0.033646220146886 0.002170723880444 0.002170491985458 0.033646220146886 0.025325051104942 0.031472133789137 0.029162180060236 0.028394754269177 0.029929605851295 0.024557625313883 0.023790199522824 0.039068855738239 0.029929605851295 0.025325051104942 0.023875411840035 0.021704919854577 0.017363935883662 0.037983609745510 0.013022951912746 0.004340983970915 0.040154101730968 0.028216395810950 0.028219410445775 0.018449181876391 0.019185644776471 0.020621876864221 0.018418218985412 0.009209109492706 0.001085361940222 0.004341447760889 0.013024343282666 0.003069703164235 0.011938981342443 0.031475496266442 0.031472133789137 0.042208418508236 0.022792600744665 0.001480670563624 0.007596721949102 0.001480670563624 0.001480670563624
0.030386887796408 0.022255324402075 0.001480825625447 0.004604549876291 0.026045903825493 0.029301641803679 0.018418199505166 0.017365754305420 0.014581074608256 0.032560789322662 0.033646148966751 0.017650774525784 0.016278689890933 0.018418199505166 0.018451113949509 0.003255737978187 0.006139399835055 0.008682877152710 0.014109675373154 0.005426798220444 0.016280394661331 0.001480825625447 0.043414385763550 0.039068855738239 0.004604549876291 0.034731508610840 0.009209099752583 0.026048631458130 0.015195035017242 0.005426229963644 0.016278689890933 0.011937705920017 0.003255737978187 0.009976524731965 0.026092449298985 0.034727871767323 0.030696999175276 0.014581074608256 0.010853596440887 0.004341438576355 0.017365754305420 0.015195035017242
0.018418180219728 0.037603784615278 0.013024288451096 0.002170714741849 0.001534848351644 0.010852459927289 0.026048576902192 0.024557573626304 0.025324997802126 0.032231815384524 0.026045903825493 0.024963219531267 0.016115907692262 0.027131149818221 0.023022725274660 0.006906817582398 0.031475363756815 0.016278689890933 0.014108197905475 0.021704919854577 0.049921315665527 0.035813117760052 0.019953028571372 0.009768216338322 0.021707147418493 0.018449181876391 0.007596721949102 0.014109645822021 0.019185604395550 0.007596721949102 0.012278786813152 0.008441665934042 0.001047045918221 0.009767213934560 0.007674241758220 0.005371969230754 0.009768216338322 0.004341429483699 0.009767213934560 0.011937705920017 0.005426229963644 0.005426229963644
0.006512130724378 0.034731363863349 0.025324971552512 0.033642625774595 0.018451037052404 0.001047044832948 0.017363935883662 0.026859818313271 0.026092394932891 0.023022701411375 0.033642625774595 0.030696935215166 0.019536392173134 0.007596721949102 0.026048522897512 0.017365681931674 0.009976503944929 0.019536392173134 0.023877812656052 0.029162088454408 0.035301475497441 0.027627241693650 0.062944267578274 0.049921315665527 0.039138592399337 0.010743927325308 0.014108197905475 0.006906810423412 0.020621747293863 0.016280326810945 0.009768196086567 0.005426775603648 0.005426775603648 0.001047044832948 0.007596721949102 0.009767213934560 0.007674233803792 0.007597485845108 0.001085245992729 0.004340983970915 0.005426229963644 0.004340983970915
