CREST2.1/CREST2.1_redist/CREST_Example/Results/Slope.asc
nCols 		     197
nRows 		     167
XLLCorner 	  33.949990
YLLCorner 	  -0.108333
cellSize 	    0.008333
NODATA_value      -9999.
[rows 95 to 113 of 167, columns 126 to 167 of 197]
0.016278689890933 0.046667266898318 0.052950509563082 0.026045903825493 0.015347973786401 0.001480724161266 0.008682282213641 0.008682282213641 0.001480724161266 0.016279279150576 0.040154101730968 0.036898363752781 0.044509123980561 0.041239347723697 0.007673986893200 0.029301641803679 0.000767398689320 0.012278379029120 0.023021960679601 0.033642625774595 0.019952365922321 0.020719764611641 0.028216395810950 0.035813117760052 0.029161150194161 0.049921315665527 0.024556758058241 0.020620420257396 0.042326125791498 0.022254561990281 0.011937705920017 0.011937705920017 0.001480724161266 0.010852459927289 0.015347973786401 0.031472133789137 0.023875411840035 0.007673986893200 0.014108708597166 0.022790990810806 0.017363935883662 0.031463346262121
0.015193975231448 0.077055160102344 0.079809414729500 0.035300318053433 0.023875411840035 0.022790165847306 0.036898363752781 0.048836069672799 0.028216395810950 0.001047010503058 0.009767555505931 0.013023407341241 0.016278689890933 0.011937705920017 0.044509096676067 0.033765521616327 0.028216395810950 0.013022951912746 0.007673982185529 0.023875411840035 0.018417557245269 0.017650159026716 0.007596721949102 0.015347964371058 0.073799308267034 0.026858937649351 0.032557379781866 0.015347964371058 0.030387950462896 0.036899654133517 0.009767213934560 0.013022951912746 0.008441380404082 0.009767213934560 0.010743575059740 0.016882760808163 0.024556742993692 0.028216395810950 0.011937705920017 0.004604389311317 0.018449827066759 0.023876246792276
0.001480720559015 0.090552935196497 0.093622526220107 0.056020036180884 0.022790165847306 0.023875411840035 0.008441375314928 0.016115352873953 0.021704919854577 0.037983609745510 0.002170491985458 0.001047009871834 0.014108674274021 0.021705652729262 0.051008283913767 0.039137285551028 0.036899609639746 0.028217348548041 0.027626319212491 0.027131149818221 0.031463307992003 0.026045903825493 0.009208773070830 0.028217348548041 0.025324125944783 0.034729044366820 0.022254534921173 0.045580331694612 0.021704919854577 0.026091523700685 0.015193956910484 0.013813159606245 0.013813159606245 0.010852459927289 0.007673977559025 0.021705652729262 0.010852459927289 0.016115352873953 0.023875411840035 0.020619673861848 0.020719739409368 0.008441375314928
0.029161097452018 0.021487124438329 0.033642625774595 0.070540989527376 0.045276440780765 0.021704919854577 0.010852459927289 0.009208767616427 0.033643721874303 0.009976164917796 0.012278356821902 0.023875411840035 0.051006561658256 0.020719727136960 0.009208767616427 0.046667098083710 0.042974248876659 0.029301641803679 0.031473159172735 0.009976164917796 0.022790165847306 0.010743562219165 0.018449782963327 0.055349348889982 0.011938094858624 0.016279220261759 0.052093504837630 0.026046752418815 0.013813151424640 0.017650137931485 0.014580548726009 0.014108657560191 0.007673973013689 0.009208767616427 0.007596721949102 0.013045754123271 0.011938094858624 0.009976164917796 0.014580548726009 0.007673973013689 0.014108197905475 0.018449181876391
0.059688529600087 0.031473122553909 0.020620321673251 0.002302190564856 0.030387842465843 0.014580540244089 0.020619673861848 0.021704919854577 0.009208762259425 0.023876161937448 0.001047008642610 0.030386887796408 0.035300255327795 0.019534427869119 0.002302190564856 0.004341120352263 0.042325923434567 0.029301641803679 0.044495085701883 0.020619673861848 0.009767213934560 0.026045903825493 0.021704919854577 0.026091493068370 0.049922884051028 0.039137239602555 0.055347545629172 0.058322160976356 0.017650127663897 0.013813143389137 0.009976159114377 0.009976159114377 0.002302190564856 0.014108197905475 0.005426229963644 0.005371777984664 0.013023361056790 0.008682240704527 0.014108641144856 0.008681967941831 0.008681967941831 0.005426400440329
0.039904613665902 0.046811181415769 0.042324593716425 0.023875411840035 0.024961413511097 0.001047008044609 0.029302528904332 0.006511475956373 0.005426229963644 0.012278342666431 0.018449740421246 0.009208756999823 0.046811181415769 0.042206802915858 0.043409839709154 0.017363935883662 0.005371774916564 0.002170557696617 0.022790165847306 0.009208756999823 0.001480715390594 0.010852788483086 0.041240596235726 0.024961413511097 0.035813117760052 0.034727871767323 0.001480670563624 0.046043784999117 0.022790855814480 0.009208756999823 0.005371774916564 0.000767396416652 0.008681967941831 0.005371774916564 0.011938067331394 0.017364461572937 0.011938067331394 0.009976153416475 0.009208756999823 0.007596951938160 0.006139171333216 0.007673964166520
0.040155272365947 0.029161047485807 0.052182927079865 0.044496382891996 0.023789275580527 0.024960657832764 0.033643606576875 0.008441355851155 0.028216395810950 0.009208751837623 0.012278335783498 0.036899439471411 0.037602403336962 0.055347545629172 0.041439383269305 0.039068855738239 0.014108197905475 0.001047007457682 0.001480713730440 0.011938053946633 0.026045903825493 0.034727871767323 0.027626255512870 0.003255832894536 0.023876107893266 0.024961385524778 0.034728884208387 0.064031380259214 0.011510939797029 0.010852776315121 0.004604375918812 0.009767213934560 0.006906563878217 0.008682221052097 0.002170491985458 0.015347919729372 0.011937705920017 0.007596721949102 0.007673959864686 0.009767498683609 0.009767498683609 0.008682221052097
0.049113316121728 0.032558293130287 0.070542968448956 0.021487075803256 0.035813117760052 0.024960657832764 0.029928427011678 0.010852459927289 0.023021866932060 0.021704919854577 0.009767213934560 0.012278329030432 0.045581610382402 0.052093269008460 0.031473016692611 0.017364423002820 0.009976142337226 0.037983609745510 0.031472133789137 0.006906560079618 0.045581610382402 0.001480712101614 0.060773775592816 0.048345920557326 0.048836069672799 0.055347545629172 0.055252480636944 0.044508942735316 0.006511475956373 0.017363935883662 0.014108197905475 0.006906560079618 0.006511658626057 0.009767487939086 0.001047006881830 0.014108197905475 0.009208746772824 0.009976142337226 0.013023317252115 0.013023317252115 0.009208746772824 0.009976142337226
-9999.000000000000000 -9999.000000000000000 0.061860690207651 0.031472133789137 0.028393620566729 0.062944267578274 0.043741523575772 0.021704919854577 0.024556644814469 0.036898363752781 0.053177053643714 0.065114759563732 0.044508918726224 0.046666836472439 0.020719669062208 0.039069909604832 0.009767213934560 0.039069909604832 0.060775414940850 0.001480670563624 0.045581561205638 0.045580331694612 0.026045903825493 0.015347903009043 0.013813112708139 0.033643533270828 0.021704919854577 0.018449181876391 0.012278322407234 0.006139161203617 0.011938027934810 0.015193853735213 0.010852459927289 0.005426229963644 0.007596721949102 0.009208741805426 0.006139161203617 0.014108578468412 0.013045717557686 0.013045717557686 0.008441346654974 0.009767477401208
-9999.000000000000000 -9999.000000000000000 -9999.000000000000000 -9999.000000000000000 -9999.000000000000000 -9999.000000000000000 0.053717632123331 0.066200005556460 0.023875411840035 0.043409839709154 0.092245909381953 0.107439353280157 0.059688529600087 0.035300158252475 0.009767213934560 0.023876030615490 0.005426229963644 0.029302401209920 0.060775350657612 0.001085245992729 0.004604368467714 0.061860624776498 0.062945898895384 0.016278689890933 0.018417473870856 0.020719658104713 0.010852741188859 0.009767467069973 0.014108563545517 0.023876030615490 0.013045710658523 0.006906552701571 0.002170548237772 0.011938015307745 0.008682192951087 0.010852741188859 0.009767467069973 0.006511644713316 0.009767467069973 0.013023289426631 0.009767467069973 0.011938015307745
-9999.000000000000000 -9999.000000000000000 -9999.000000000000000 -9999.000000000000000 -9999.000000000000000 -9999.000000000000000 -9999.000000000000000 -9999.000000000000000 -9999.000000000000000 0.029928379529202 -9999.000000000000000 -9999.000000000000000 0.034727871767323 0.042325646763318 0.019952253019468 0.027131824848281 0.009767213934560 0.042325646763318 0.069457471611598 0.021704919854577 0.004340983970915 0.067286925623736 0.029160985182299 0.026046551854349 0.017363935883662 0.020619673861848 0.018449181876391 0.017363935883662 0.007596721949102 0.013022951912746 0.015193443898204 0.017363935883662 0.016278689890933 0.015193443898204 0.010852459927289 0.008681967941831 0.013022951912746 0.013022951912746 0.013022951912746 0.013045703897344 0.013022951912746 0.016882675631858
-9999.000000000000000 -9999.000000000000000 -9999.000000000000000 -9999.000000000000000 -9999.000000000000000 -9999.000000000000000 -9999.000000000000000 -9999.000000000000000 -9999.000000000000000 -9999.000000000000000 -9999.000000000000000 -9999.000000000000000 0.003836969786515 0.023789212676391 0.029928364334815 0.034728700541973 0.007596721949102 0.051007778921023 0.073798488651693 0.019184848932574 0.033642625774595 0.030386887796408 0.027131149818221 0.013813091231453 0.015193806487113 0.026046525406480 0.019534427869119 0.017363935883662 0.016115273103362 0.011510909359544 0.011937705920017 0.009976121444938 0.001085271891937 0.008682175135493 0.008682175135493 0.015193806487113 0.000767393957303 0.009767447027430 0.010852718919367 0.014108197905475 0.013022951912746 0.010852459927289
-9999.000000000000000 -9999.000000000000000 -9999.000000000000000 -9999.000000000000000 -9999.000000000000000 -9999.000000000000000 -9999.000000000000000 -9999.000000000000000 -9999.000000000000000 -9999.000000000000000 -9999.000000000000000 -9999.000000000000000 0.023875957883847 0.014580477940580 0.010852708129021 0.007673935758200 0.017363935883662 0.047751915767693 0.066201519587030 0.024556594426240 0.065114759563732 0.033643395199966 0.008682166503217 0.018449181876391 0.014580477940580 0.007673935758200 0.015193791380630 0.010852708129021 0.014108520567728 0.013023249754825 0.002170541625804 0.022790687070945 0.015193443898204 0.011937705920017 0.013813084364760 0.011510903637300 0.007596895690315 0.011510903637300 0.003069574303280 0.001480704427374 0.007596895690315 0.015193791380630
-9999.000000000000000 -9999.000000000000000 -9999.000000000000000 -9999.000000000000000 -9999.000000000000000 -9999.000000000000000 -9999.000000000000000 -9999.000000000000000 -9999.000000000000000 -9999.000000000000000 -9999.000000000000000 -9999.000000000000000 0.030387553191170 0.024961204407032 0.001480702986504 0.019534427869119 0.005426348784137 0.044508805742319 0.055252310576671 0.057518037614629 0.038369660122688 0.014108506838757 0.010852459927289 0.037983609745510 0.013022951912746 0.018449181876391 0.033642625774595 0.031472133789137 0.021704919854577 0.015193443898204 0.008681967941831 0.007673932024538 0.011937967325102 0.005426229963644 0.008681967941831 0.014108197905475 0.009767213934560 0.009767213934560 0.009767213934560 0.005426229963644 0.009767213934560 0.011937705920017
-9999.000000000000000 -9999.000000000000000 -9999.000000000000000 -9999.000000000000000 -9999.000000000000000 -9999.000000000000000 -9999.000000000000000 -9999.000000000000000 -9999.000000000000000 -9999.000000000000000 -9999.000000000000000 -9999.000000000000000 0.039069674053656 0.001480701576960 0.008441321209247 0.009767213934560 0.048837092567070 0.049113141581072 0.025323963627740 0.013023224684552 0.008681967941831 0.001534785674409 0.023875911921679 0.040154942777369 0.030386887796408 0.004604357023226 0.018449568303115 0.000767392837204 0.001085268723713 0.001047003160939 0.004340983970915 0.001047003160939 0.001047003160939 0.014108493408265 0.014108493408265 0.006511612342276 0.014108493408265 0.009767213934560 0.014580463906881 0.015193443898204 0.009976106883655 0.008682149789701
-9999.000000000000000 -9999.000000000000000 -9999.000000000000000 -9999.000000000000000 -9999.000000000000000 -9999.000000000000000 -9999.000000000000000 -9999.000000000000000 -9999.000000000000000 -9999.000000000000000 -9999.000000000000000 -9999.000000000000000 0.025323951842358 0.012278279681143 0.017363935883662 0.011937705920017 0.036899102260956 0.017650027041643 0.012278279681143 0.018417419521715 0.024960657832764 0.023875411840035 0.010743494721000 0.029302228266053 0.019184812001786 0.030386887796408 0.019952204481858 0.018449551130478 0.033642625774595 0.022790165847306 0.007673924800715 0.009767213934560 0.016278689890933 0.008681967941831 0.008681967941831 0.004340983970915 0.002302177440214 0.010852677135575 0.021705354271151 0.011510887201072 0.013022951912746 0.004604354880429
-9999.000000000000000 -9999.000000000000000 -9999.000000000000000 -9999.000000000000000 -9999.000000000000000 -9999.000000000000000 -9999.000000000000000 -9999.000000000000000 -9999.000000000000000 -9999.000000000000000 -9999.000000000000000 -9999.000000000000000 -9999.000000000000000 0.035813117760052 0.017364267621792 0.002170491985458 0.039069602149031 0.020620067800877 0.020619673861848 0.006511475956373 0.012278274096886 0.019534801074516 0.009767213934560 0.010743489834775 0.034728535243583 0.024556548193771 0.044495085701883 0.032557379781866 0.023789156062716 0.027131149818221 0.018449181876391 0.008441313441609 0.010852667263620 0.016278689890933 0.013813058358996 0.006139137048443 0.020619673861848 0.017650019014273 0.012278274096886 0.015193734169068 0.008681967941831 0.002170491985458
-9999.000000000000000 -9999.000000000000000 -9999.000000000000000 -9999.000000000000000 -9999.000000000000000 -9999.000000000000000 -9999.000000000000000 -9999.000000000000000 -9999.000000000000000 -9999.000000000000000 -9999.000000000000000 -9999.000000000000000 -9999.000000000000000 -9999.000000000000000 0.026858712655459 0.045580331694612 0.023789145494835 0.005426328810629 0.015193720669763 0.009767391859133 0.014108454907637 0.023789145494835 0.033642625774595 0.005426229963644 0.019952186544055 0.036899035912280 0.028393496235771 0.014580444012963 0.017363935883662 0.018417402963743 0.013023189145511 0.016278689890933 0.016278986431888 0.001480670563624 0.001047001732384 0.016278689890933 0.009208701481872 0.015193443898204 0.003069567160624 0.006511594572755 0.003836958950780 0.004341063048504
-9999.000000000000000 -9999.000000000000000 -9999.000000000000000 -9999.000000000000000 -9999.000000000000000 -9999.000000000000000 -9999.000000000000000 -9999.000000000000000 -9999.000000000000000 -9999.000000000000000 -9999.000000000000000 -9999.000000000000000 -9999.000000000000000 -9999.000000000000000 -9999.000000000000000 0.022254352263825 0.028216395810950 0.016115220604839 0.017650003519585 0.018449181876391 0.013813046232719 0.009976088945852 0.023789135178571 0.027131149818221 0.016115220604839 0.015193707491889 0.031472679804627 0.023021743721198 0.002170529641698 0.017364237133587 0.010852648208492 0.017363935883662 0.013045654775346 0.014108442671040 0.008682118566794 0.023875411840035 0.022254352263825 0.016115220604839 0.007596721949102 0.001534782914747 0.002170529641698 0.013023177850190
