CREST2.1/CREST2.1_redist/CREST_Example/Results/Slope.asc
nCols 		     197
nRows 		     167
XLLCorner 	  33.949990
YLLCorner 	  -0.108333
cellSize 	    0.008333
NODATA_value      -9999.
[rows 114 to 132 of 167, columns 84 to 125 of 197]
0.013045649256024 0.017363935883662 0.006139129061658 0.017364222440508 0.006511583415191 0.013813040388731 0.001480694999114 0.015193443898204 0.009208693592487 0.028216861465826 0.019534427869119 0.001480670563624 0.017363935883662 0.010743475857902 0.033643180978485 0.034728444881017 0.033642625774595 0.023021733981218 0.035813117760052 0.021486951715804 0.008441302459780 0.010852459927289 0.016115213786853 0.022254342848511 0.028216861465826 0.006139129061658 0.018449181876391 0.001047000835385 0.006511583415191 0.017364222440508 0.020619673861848 0.013022951912746 0.007673911327073 0.018449486343040 0.079224264884819 0.116123237570899 0.116643452171505 0.124317363498578 0.117208501473431 -9999.000000000000000 -9999.000000000000000 -9999.000000000000000
0.013022951912746 0.002170491985458 0.003836954080790 0.042325257279767 0.019184770403949 0.002302172448474 0.011937893078909 0.011937705920017 0.029302101193685 0.025323896933213 0.018417379587791 0.018449181876391 0.016115207139317 0.023875411840035 0.018417379587791 0.046666309308461 0.023875411840035 0.018449181876391 0.003836954080790 0.029302101193685 0.013045643874685 0.001085245992729 0.001480670563624 0.016115207139317 0.013813034690843 0.013022951912746 0.001047000403497 0.001480693777519 0.020619997136297 0.013045643874685 0.014108419093256 0.030386887796408 0.009767213934560 0.001047000403497 0.027131149818221 0.073796727505562 0.108202105078274 0.171471555133417 0.100929459667138 -9999.000000000000000 -9999.000000000000000 -9999.000000000000000
0.017363935883662 0.014108197905475 0.022790165847306 0.020719543708585 0.019534427869119 0.049921315665527 0.032557379781866 0.006139124061803 0.034728388312780 0.049922058199621 0.024556496247211 0.034727871767323 0.012278248123606 0.023021715231761 0.032557379781866 0.023789105739486 0.013045638631331 0.007596721949102 0.008441295584979 0.014108407752067 0.001480692587249 0.001046999982682 0.014580419646782 0.024960657832764 0.019534427869119 0.009976076600430 0.001480692587249 0.018449456291164 0.020619673861848 0.017363935883662 0.017363935883662 0.020619673861848 0.006511475956373 0.007596721949102 0.014580419646782 0.040671696909444 0.161704058081380 0.186475893377262 0.130456386313311 -9999.000000000000000 -9999.000000000000000 -9999.000000000000000
0.001046999572942 0.007596828997339 0.019534703136015 0.023875411840035 0.026091267051921 0.006906511866685 0.002170522570668 0.028216793418689 0.019184755185236 0.034728361130694 0.031462998503787 0.009208682488913 0.014108396709345 0.019534703136015 0.008682090282674 0.006511567712005 0.026046270848021 0.003255737978187 0.014108396709345 0.012278243318551 0.021704919854577 0.033642625774595 0.023875411840035 0.009976072696323 0.003255783856003 0.006511567712005 0.015193443898204 0.009208682488913 0.010852612853342 0.006139121659275 0.001480691428304 0.001480691428304 0.018449441850681 0.004341045141337 0.004341045141337 0.027131532133355 0.062945154549383 0.144339750949448 0.160618670229461 -9999.000000000000000 -9999.000000000000000 -9999.000000000000000
0.007596823211971 0.015193443898204 0.010743458812943 0.001480690300682 0.027131511471323 0.037984116059853 0.045580331694612 0.051415124319082 0.022790165847306 0.014580408388994 0.016278906882794 0.027131511471323 0.023789087371516 0.023789087371516 0.024960657832764 0.014580408388994 0.041239347723697 0.000767389915210 0.011937705920017 0.016278689890933 0.004340983970915 0.003069559660841 0.002170520917706 0.010852604588529 0.015193443898204 0.007596721949102 0.003255781376559 0.008681967941831 0.004604339491261 0.019534688259353 0.022790165847306 0.031472133789137 0.024960657832764 0.013022951912746 0.013045628558573 0.017649968049834 0.043410418354117 0.130231255062352 0.223563654523703 0.051415124319082 -9999.000000000000000 -9999.000000000000000
0.020719520040446 0.003836948155638 0.021704919854577 0.027131149818221 0.016882571884808 0.016115182253680 0.034728308970575 0.001046998786684 0.026045903825493 0.016278689890933 0.028393416351722 0.035299923031871 0.032230364507360 0.020619933451279 0.017649961515935 0.027131149818221 0.009767213934560 0.017363935883662 0.011510844466914 0.001046998786684 0.005426298276652 0.013023115863966 0.017363935883662 0.003255737978187 0.017649961515935 0.021704919854577 0.002302168893383 0.021704919854577 0.001480670563624 0.007596817587313 0.006906506680149 0.001480689204385 0.035813568625906 0.015347792622552 0.029301641803679 0.005426229963644 0.023021688933829 0.168215246576224 0.191005699338164 0.089784586841932 -9999.000000000000000 -9999.000000000000000
0.017649955168720 0.011510840327426 0.004604336130970 0.011937705920017 0.035813117760052 0.022254291299690 0.015193624246735 0.024960954119636 0.020619918620568 0.028216395810950 0.030695574206469 0.019184733879043 0.030695574206469 0.043410354990670 0.020619918620568 0.001480670563624 0.001046998410166 0.005426294373834 0.007596812123367 0.022790436370102 0.029301641803679 0.026091238075499 0.018417344523882 0.028216395810950 0.027626016785822 0.027626016785822 0.020619673861848 0.019184733879043 0.029301641803679 0.007673893551617 0.033643025117770 0.017363935883662 0.028216395810950 0.033642625774595 0.014108197905475 0.005426229963644 0.006906504196456 0.104184851977609 0.228989622575787 0.103099593102842 -9999.000000000000000 -9999.000000000000000
0.010852459927289 0.027626007143251 0.022254283532063 0.030387227280527 0.013813003571625 0.022790165847306 0.013045614484313 0.015347781746250 0.019534427869119 0.039136843452939 0.037983609745510 0.023789061706688 0.029928174405188 0.025323839881313 0.024960657832764 0.009208669047750 0.021705162343234 0.014108197905475 0.004604334523875 0.009976058135063 0.006511475956373 0.013022951912746 0.004340983970915 0.020619673861848 0.006511475956373 0.013022951912746 0.015193443898204 0.008441279960438 0.023875678577557 0.014108197905475 0.006906501785813 0.001480687105763 0.006511548702970 0.008682064937294 0.017364129874587 0.004341032468647 0.001085258117162 0.073797551966995 0.261547206235967 0.110696327950492 -9999.000000000000000 -9999.000000000000000
0.008682059060121 0.009767316442637 0.039069265770547 0.029301949327910 0.011937831207667 0.006511475956373 0.020619673861848 0.013045610068860 0.017363935883662 0.017363935883662 0.017363935883662 0.020619673861848 0.029301641803679 0.026045903825493 0.019534427869119 0.014580387724020 0.028216691945395 0.021704919854577 0.020619673861848 0.005371721793060 0.009767316442637 0.001480686103438 0.011937831207667 0.004341029530061 0.010852573825152 0.008682059060121 0.029301949327910 0.009767213934560 0.011510832413700 0.022790165847306 0.023875411840035 0.014108197905475 0.001085245992729 0.001480670563624 0.001085245992729 0.002170491985458 0.008441277103380 0.022790405032819 0.282166919453948 0.157362320464702 0.026858608965299 -9999.000000000000000
0.019534620074889 0.026091211582780 0.038369428798205 0.032230320190492 0.010743440063498 0.001085245992729 0.027131149818221 0.024960657832764 0.003255737978187 0.016882548671210 0.003255770012482 0.004341026683309 0.007596796695790 0.002170513341654 0.001480685132436 0.013023080049926 0.001534777151928 0.029301930112334 0.016882548671210 0.007596721949102 0.019534427869119 0.023875411840035 0.017649937247174 0.005426229963644 0.019534427869119 0.011937705920017 0.015347771519282 0.001085256670827 0.013023080049926 0.013812994367354 0.019952102975067 0.026045903825493 0.030386887796408 0.026858600158744 0.026091211582780 0.023021657278923 0.024960657832764 0.029928154462600 0.136742340524224 0.252864804302731 0.015193593391580 -9999.000000000000000
0.025323814971342 0.020619863659854 0.029928144966131 0.003836941662325 0.007596721949102 0.011937705920017 0.001046997014835 0.002170511964195 0.010852559820976 0.027131399552439 0.019534427869119 0.018449181876391 0.011937705920017 0.003836941662325 0.002170491985458 0.021705119641951 0.012278213319438 0.030387167498732 0.043410239283903 0.021704919854577 0.028393368301201 0.006139106659719 0.030386887796408 0.018449181876391 0.027625979968736 0.006139106659719 0.016278689890933 0.001046997014835 0.008682047856781 0.014108197905475 0.029160756633666 0.027131149818221 0.030386887796408 0.036898363752781 0.014108197905475 0.015347766649298 0.016278689890933 0.033765086628456 0.093621376560718 0.310383210879906 -9999.000000000000000 -9999.000000000000000
0.006139104776659 0.031472404173463 0.008681967941831 0.022790165847306 0.012278209553318 0.004604328582494 0.019534595693874 0.018449181876391 0.026045903825493 0.018417314329977 0.013812985747482 0.024960872275505 0.019184702427059 0.027131149818221 0.019534427869119 0.007673880970824 0.023875616959179 0.046665978602032 0.041438957242447 0.023875411840035 0.015347761941647 -9999.000000000000000 -9999.000000000000000 -9999.000000000000000 -9999.000000000000000 -9999.000000000000000 0.015347761941647 0.001480670563624 0.001046996693688 0.008682042530611 0.033642914806116 0.009767213934560 0.028216395810950 0.016115150038729 0.021705106326526 -9999.000000000000000 -9999.000000000000000 -9999.000000000000000 -9999.000000000000000 -9999.000000000000000 -9999.000000000000000 -9999.000000000000000
0.028216395810950 0.020719472485045 0.009767292061620 0.001480682407373 0.005426273367567 0.018449329449727 0.029928126922842 0.002170491985458 0.018417308875595 0.029301641803679 0.022254248224678 0.013045593786880 0.020619838796753 0.026045903825493 0.018417308875595 0.019534427869119 0.016115145266146 0.034728149552427 0.030387130858373 0.018449181876391 -9999.000000000000000 -9999.000000000000000 -9999.000000000000000 -9999.000000000000000 -9999.000000000000000 -9999.000000000000000 -9999.000000000000000 0.013045593786880 0.023875411840035 0.021486860354861 0.008441266567981 0.011937801408647 0.001480682407373 0.020619838796753 -9999.000000000000000 -9999.000000000000000 -9999.000000000000000 -9999.000000000000000 -9999.000000000000000 -9999.000000000000000 -9999.000000000000000 -9999.000000000000000
0.037983609745510 0.051006561658256 0.045580331694612 0.010852459927289 0.004340983970915 0.018417303616014 0.011510814760009 0.028216605395122 0.035813117760052 0.027131149818221 0.029160730725355 0.023021629520017 0.020719466568016 0.028393343074688 0.032557379781866 0.020619673861848 0.033642625774595 0.021486854218683 0.030387113502439 -9999.000000000000000 -9999.000000000000000 -9999.000000000000000 -9999.000000000000000 -9999.000000000000000 -9999.000000000000000 -9999.000000000000000 -9999.000000000000000 -9999.000000000000000 0.001046996084615 0.043409839709154 0.020619673861848 -9999.000000000000000 -9999.000000000000000 -9999.000000000000000 -9999.000000000000000 -9999.000000000000000 -9999.000000000000000 -9999.000000000000000 -9999.000000000000000 -9999.000000000000000 -9999.000000000000000 -9999.000000000000000
0.036898363752781 0.023789010628675 0.020719460870136 0.012278199034155 0.021704919854577 0.010743424154886 0.026046082962286 0.013812973913424 0.002170506913524 0.009767281110857 0.016278801851429 0.020619815678476 0.021705069135238 0.026091172947579 0.024960657832764 0.029301641803679 0.024960657832764 -9999.000000000000000 -9999.000000000000000 -9999.000000000000000 -9999.000000000000000 -9999.000000000000000 -9999.000000000000000 -9999.000000000000000 -9999.000000000000000 -9999.000000000000000 -9999.000000000000000 -9999.000000000000000 -9999.000000000000000 -9999.000000000000000 -9999.000000000000000 -9999.000000000000000 -9999.000000000000000 -9999.000000000000000 -9999.000000000000000 -9999.000000000000000 -9999.000000000000000 -9999.000000000000000 -9999.000000000000000 -9999.000000000000000 -9999.000000000000000 -9999.000000000000000
0.005426229963644 0.033765038415626 0.037983609745510 0.021704919854577 0.012278195787500 0.034727871767323 0.025323778811719 0.024960657832764 0.031472133789137 0.029301641803679 0.026858553285157 0.017649906444532 0.004604323420313 0.014108287476703 0.031472333601877 -9999.000000000000000 -9999.000000000000000 -9999.000000000000000 -9999.000000000000000 -9999.000000000000000 -9999.000000000000000 -9999.000000000000000 -9999.000000000000000 -9999.000000000000000 -9999.000000000000000 -9999.000000000000000 -9999.000000000000000 -9999.000000000000000 -9999.000000000000000 -9999.000000000000000 -9999.000000000000000 -9999.000000000000000 -9999.000000000000000 -9999.000000000000000 -9999.000000000000000 -9999.000000000000000 -9999.000000000000000 -9999.000000000000000 -9999.000000000000000 -9999.000000000000000 -9999.000000000000000 -9999.000000000000000
-9999.000000000000000 -9999.000000000000000 -9999.000000000000000 -9999.000000000000000 0.039068855738239 0.035813117760052 0.008681967941831 -9999.000000000000000 -9999.000000000000000 -9999.000000000000000 -9999.000000000000000 -9999.000000000000000 -9999.000000000000000 -9999.000000000000000 -9999.000000000000000 -9999.000000000000000 -9999.000000000000000 -9999.000000000000000 -9999.000000000000000 -9999.000000000000000 -9999.000000000000000 -9999.000000000000000 -9999.000000000000000 -9999.000000000000000 -9999.000000000000000 -9999.000000000000000 -9999.000000000000000 -9999.000000000000000 -9999.000000000000000 -9999.000000000000000 -9999.000000000000000 -9999.000000000000000 -9999.000000000000000 -9999.000000000000000 -9999.000000000000000 -9999.000000000000000 -9999.000000000000000 -9999.000000000000000 -9999.000000000000000 -9999.000000000000000 -9999.000000000000000 -9999.000000000000000
-9999.000000000000000 -9999.000000000000000 -9999.000000000000000 -9999.000000000000000 -9999.000000000000000 -9999.000000000000000 -9999.000000000000000 -9999.000000000000000 -9999.000000000000000 -9999.000000000000000 -9999.000000000000000 -9999.000000000000000 -9999.000000000000000 -9999.000000000000000 -9999.000000000000000 -9999.000000000000000 -9999.000000000000000 -9999.000000000000000 -9999.000000000000000 -9999.000000000000000 -9999.000000000000000 -9999.000000000000000 -9999.000000000000000 -9999.000000000000000 -9999.000000000000000 -9999.000000000000000 -9999.000000000000000 -9999.000000000000000 -9999.000000000000000 -9999.000000000000000 -9999.000000000000000 -9999.000000000000000 -9999.000000000000000 -9999.000000000000000 -9999.000000000000000 -9999.000000000000000 -9999.000000000000000 -9999.000000000000000 -9999.000000000000000 -9999.000000000000000 -9999.000000000000000 -9999.000000000000000
-9999.000000000000000 -9999.000000000000000 -9999.000000000000000 -9999.000000000000000 -9999.000000000000000 -9999.000000000000000 -9999.000000000000000 -9999.000000000000000 -9999.000000000000000 -9999.000000000000000 -9999.000000000000000 -9999.000000000000000 -9999.000000000000000 -9999.000000000000000 -9999.000000000000000 -9999.000000000000000 -9999.000000000000000 -9999.000000000000000 -9999.000000000000000 -9999.000000000000000 -9999.000000000000000 -9999.000000000000000 -9999.000000000000000 -9999.000000000000000 -9999.000000000000000 -9999.000000000000000 -9999.000000000000000 -9999.000000000000000 -9999.000000000000000 -9999.000000000000000 -9999.000000000000000 -9999.000000000000000 -9999.000000000000000 -9999.000000000000000 -9999.000000000000000 -9999.000000000000000 -9999.000000000000000 -9999.000000000000000 -9999.000000000000000 -9999.000000000000000 -9999.000000000000000 -9999.000000000000000
