CREST2.1/CREST2.1_redist/CREST_Example/Results/Slope.asc
nCols 		     197
nRows 		     167
XLLCorner 	  33.949990
YLLCorner 	  -0.108333
cellSize 	    0.008333
NODATA_value      -9999.
[rows 95 to 113 of 167, columns 84 to 125 of 197]
0.029301641803679 0.006906588203880 0.000767398689320 0.013022951912746 0.003069594757280 0.028217417194332 0.025324156747561 0.006906588203880 0.010852852767051 0.009767213934560 0.001480670563624 0.001480670563624 0.005371790825240 0.022790990810806 0.009208784271840 0.019535134980691 0.013045777718440 0.027626352815521 0.006511711660230 0.011937705920017 0.027132131917627 0.019952365922321 0.022254561990281 0.031472133789137 0.022790165847306 0.014108197905475 0.019952365922321 0.020719764611641 0.037984984684677 0.013045777718440 0.027132131917627 0.069458257709124 0.145038352281485 0.189924923423386 0.052093693281843 0.052950509563082 0.072711481512834 0.080311110476175 0.069065882038802 0.044496696344908 0.024961561364216 0.009976182961160
0.007673982185529 0.019535111011862 0.017364543121655 0.004340983970915 0.014108691286345 0.007596987615724 0.014108691286345 0.014108691286345 0.003836991092764 0.008682271560828 0.017364543121655 0.016279259176552 0.015193975231448 0.005426419725517 0.026046814682483 0.022254548338034 0.016882760808163 0.022254548338034 0.015193975231448 0.017363935883662 0.010743575059740 0.015193975231448 0.006139185748423 0.021487150119481 0.011937705920017 0.001047010503058 0.027131149818221 0.026045903825493 0.022254548338034 0.026046814682483 0.019184955463822 0.030387950462896 0.177986566996965 0.202593129697962 0.094389980882005 0.053178913310069 0.011510973278293 0.024960657832764 0.023021946556587 0.031463326960668 0.053178913310069 0.001085245992729
0.028217348548041 0.027131149818221 0.017363935883662 0.007673977559025 0.026046783275115 0.019184943897563 0.022790165847306 0.023021932677075 0.024960657832764 0.014108197905475 0.016115352873953 0.034729044366820 0.024960657832764 0.027131149818221 0.018417546141660 0.032558479093894 0.023789330432978 0.034727871767323 0.025324125944783 0.016278689890933 0.011937705920017 0.014580557362148 0.006511695818779 0.007596978455242 0.018449181876391 0.034727871767323 0.007673977559025 0.032557379781866 0.029301641803679 0.029161114724296 0.014108197905475 0.001480670563624 0.023789330432978 0.260467832751149 0.180338472637091 0.029161114724296 0.043411305458525 0.013045761850343 0.028216395810950 0.048837718640840 0.048346058621858 0.040154101730968
0.030386887796408 0.018417535232854 0.001085281350784 0.016279220261759 0.013045754123271 0.020620345664895 0.018417535232854 0.016279220261759 0.011510959520534 0.005371781109582 0.022790165847306 0.032230686657494 0.029302596471167 0.019534427869119 0.017363935883662 0.026858905547912 0.057518037614629 0.065114759563732 0.032230686657494 0.030695892054756 0.026045903825493 0.009767213934560 0.013045754123271 0.016882740630116 0.029301641803679 0.053177053643714 0.031472133789137 0.016115343328747 0.006511475956373 0.010852459927289 0.002170491985458 0.011510959520534 0.022790908366463 0.146512982355834 0.247444147978743 0.118946581712180 0.008441370315058 0.019535064314111 0.003255844052352 0.029161097452018 0.034727871767323 0.074881973498291
0.001047008642610 0.018449761497119 0.006511475956373 0.018417524518849 0.012278349679233 0.004604381129712 0.015193921232922 0.018449761497119 0.013023361056790 0.039070083170370 0.017650127663897 0.015347937099041 0.022790165847306 0.013813143389137 0.024961442025514 0.037983609745510 0.027626286778274 0.045580331694612 0.045276414442171 0.032230667907986 0.001047008642610 0.029302562377777 0.041239347723697 0.046811208152075 0.040154101730968 0.051415589281788 0.033643682730040 0.013813143389137 0.006511475956373 0.018449181876391 0.006511475956373 0.019534427869119 0.012278349679233 0.054264004403291 0.188838735323453 0.250171374714370 0.039137239602555 0.001480717082074 0.023021905648562 0.017363935883662 0.057518037614629 0.033765461617890
0.018449740421246 0.011937705920017 0.027626270999470 0.001047008044609 0.019534427869119 0.010852459927289 0.030695856666078 0.042974199332510 0.032998045916034 0.025324081749515 0.014580531916387 0.020619673861848 0.017650117582995 0.029301641803679 0.028393667416122 0.028216395810950 0.028216395810950 0.009208756999823 0.007596951938160 0.040155317387417 0.035814201994183 0.031463253082730 0.028217250056023 0.020619673861848 0.025324081749515 0.019952306832951 0.027626270999470 0.028217250056023 0.008681967941831 0.003069585666608 0.009767509634777 0.006511673089851 0.004341115393234 0.017650117582995 0.053178663567120 0.301707519829785 0.065116730898515 0.020620298117863 0.006906567749868 0.024960657832764 0.050648163499029 0.015347928333039
0.036835007350493 0.029301641803679 0.026091463539933 0.013022951912746 0.028393651499339 0.009767213934560 0.012278335783498 0.006139167891749 0.026045903825493 0.014108197905475 0.021704919854577 0.017363935883662 0.029301641803679 0.024960657832764 0.032557379781866 0.013045731769966 0.001085277631512 0.016115315715841 0.011937705920017 0.023789275580527 0.034532819391087 0.028216395810950 0.027626255512870 0.019184899661715 0.027131940787802 0.004341110526048 0.010852776315121 0.010852776315121 0.001047007457682 0.009767498683609 0.013022951912746 0.015193443898204 0.006139167891749 0.020620274998730 0.028217218419314 0.200776361829737 0.214884971039395 0.026858859526401 0.033642625774595 0.012278335783498 0.052093326312581 0.028216395810950
0.026045903825493 0.048836069672799 0.031472133789137 0.034727871767323 0.019952284674452 0.029301641803679 0.006906560079618 0.010852459927289 0.004340983970915 0.005371768950814 0.003255737978187 0.001047006881830 0.004341105750705 0.003255829313029 0.006511658626057 0.011938040814439 0.001047006881830 0.024961358066554 0.007673955644020 0.016279146565144 0.023875411840035 0.009767213934560 0.017650097981246 0.039069951756345 0.030695822576080 0.007596935063734 0.033643569567964 0.016279146565144 0.006139164515216 0.009767213934560 0.029302463817259 0.009208746772824 0.011937705920017 0.029161031447276 0.019952284674452 0.083566285701071 0.222481669723630 0.095504326515509 0.015347911288040 0.010852459927289 0.022790805191201 -9999.000000000000000
0.026045903825493 0.038369757522607 0.041239347723697 0.045580331694612 0.033642625774595 0.020719669062208 0.017364404268814 0.007596721949102 0.005371766053165 0.014108578468412 0.003836975752261 0.011938027934810 0.029301641803679 0.005426229963644 0.026045903825493 0.023875411840035 0.013022951912746 0.015347903009043 0.018449679535615 0.000767395150452 0.011938027934810 0.014108578468412 0.013023303201611 0.027131881670022 0.045581561205638 0.020719669062208 0.012278322407234 0.008682202134407 0.015193443898204 0.000767395150452 0.016279129002013 0.005426376334004 0.017364404268814 0.092248397678076 0.039904547823511 0.035300176920798 0.206202300692170 0.157364913686130 0.013045717557686 0.029301641803679 -9999.000000000000000 -9999.000000000000000
0.059856790080283 0.037602342486332 0.030386887796408 0.026858816061665 0.023876030615490 0.020620208258833 0.005426370594430 0.007596721949102 0.023876030615490 0.014108197905475 0.023875411840035 0.018417473870856 0.019184868615475 0.007596721949102 0.024556631827808 0.031472949447692 0.013813105403142 0.016278689890933 0.028216395810950 0.016278689890933 0.021704919854577 0.014108197905475 0.015347894892380 0.016882684381618 0.052093157706525 0.016882684381618 0.017650079126237 0.018449660021061 0.004340983970915 0.011938015307745 0.019184868615475 0.020619673861848 0.014108197905475 0.009767213934560 0.010852459927289 0.001480670563624 0.096691737821996 0.223566468490502 0.077506869206520 0.044508895187903 -9999.000000000000000 -9999.000000000000000
0.061391547752209 0.058321970364599 0.010743520856637 0.036898363752781 0.020619673861848 0.019184858672565 0.009767213934560 0.002302183040708 0.014108548921106 0.008682183951450 0.005426364969656 0.019534913890762 0.036899281793662 0.027131149818221 0.020719647366371 0.022790732872556 0.017363935883662 0.018449181876391 0.015193821915037 0.017363935883662 0.012278309550442 0.014108548921106 0.013045703897344 0.020719647366371 0.044508872120352 0.022254436060176 0.015193821915037 0.004340983970915 0.001047005220717 0.033643462811868 0.006511475956373 0.004340983970915 0.009208732162831 0.007596721949102 0.021487041713273 0.036899281793662 0.102015661429535 0.189922773937965 0.081395474544842 0.053178376702630 -9999.000000000000000 -9999.000000000000000
0.048837235137150 0.075969032435566 0.019952242889877 0.026045903825493 0.034727871767323 0.015193806487113 0.001480670563624 0.004341087567747 0.015193806487113 0.018417454975271 0.015347879146059 0.024556606633694 0.043410875677467 0.030386887796408 0.031472133789137 0.026858788505603 0.027131797298417 0.027131149818221 0.009976121444938 0.027131149818221 0.016278689890933 0.005371757701121 0.011937990811303 0.023875981622607 0.028217069190353 0.015193806487113 0.010852718919367 0.010852459927289 0.016279078379050 0.014108534595177 0.004340983970915 0.001047004689162 0.014108534595177 0.016279078379050 0.044496147569403 0.030695758292118 0.055348866488770 0.198604756224409 0.123720995680780 0.047751963245213 -9999.000000000000000 -9999.000000000000000
0.037602285215180 0.012278297213120 0.024961228696749 0.004340983970915 0.001047004168680 0.014108520567728 0.003069574303280 0.020620145445140 0.016882658668040 0.014580477940580 0.003255812438706 0.019534874632238 0.055348811458008 0.026045903825493 0.013045690788940 0.010852459927289 0.018417445819680 0.025323988002060 0.026045903825493 0.027626168729520 0.036898363752781 0.024960657832764 0.022254413698780 0.019184839395500 0.023789200850420 0.026858775153700 0.021705416258042 0.009767213934560 0.029302311948357 0.036898363752781 0.020719626547140 0.003255812438706 0.003255737978187 0.017363935883662 0.024556594426240 0.036899207638672 0.061391486065600 0.213798350141719 0.105132919887339 0.086821665032170 -9999.000000000000000 -9999.000000000000000
0.039137053325142 0.009767427811447 0.014108197905475 0.008441325226991 0.014108506838757 0.006906538822084 0.010852697568275 0.013813077644168 0.024961204407032 0.030386887796408 0.004604359214723 0.013022951912746 0.018449181876391 0.007596721949102 0.016115257251529 0.011510898036807 0.014108506838757 0.018449585866067 0.014108197905475 0.018417436858890 0.033642625774595 0.027626155288336 0.023789189276067 0.024960657832764 0.033643362461652 0.030387553191170 0.006511618540965 0.001480670563624 0.007596888297792 0.008682158054620 0.040154981002617 0.024556582478521 0.001047003659273 0.046665577687341 0.033642625774595 0.029928334895697 0.058604566868685 0.153023035712677 0.155193575226332 0.049922408814065 -9999.000000000000000 -9999.000000000000000
0.015347856744085 0.022790165847306 0.001534785674409 0.023875911921679 0.028216395810950 0.030386887796408 0.019952213767311 0.020719606604515 0.028393534976557 0.028393534976557 0.027131149818221 0.008441321209247 0.009976106883655 0.005426343618563 0.001480670563624 0.011937705920017 0.015193443898204 0.016278689890933 0.020619673861848 0.021704919854577 0.020619673861848 0.029160927813762 0.015347856744085 0.001480701576960 0.027131718092817 0.031472792987667 0.001480701576960 0.015193443898204 0.019534837026828 0.008681967941831 0.001047003160939 0.015193443898204 0.019184820930106 0.001047003160939 0.040154101730968 0.022254392278923 0.170387189622889 0.202591709021923 0.123550246789885 0.023789177953332 -9999.000000000000000 -9999.000000000000000
0.014108197905475 0.005371747360500 0.001480700198740 0.020620086557593 0.008682141708460 0.018449551130478 0.008682141708460 0.014580457121358 0.009976102240929 0.026046425125381 0.009767213934560 0.016882634561572 0.019534818844036 0.028216395810950 0.024960657832764 0.017650027041643 0.007596873994903 0.014108480276248 0.001480700198740 0.008682141708460 0.003255803140673 0.023875889698266 0.034728566833841 0.003255737978187 0.004341070854230 0.025323951842358 0.017364283416920 0.001480670563624 0.026046425125381 0.001047002673680 0.010743494721000 0.013022951912746 0.021486989442001 0.038369624003573 0.039904408963715 0.016278689890933 0.131991506572289 0.183410243591222 0.051415296164787 0.018417419521715 -9999.000000000000000 -9999.000000000000000
0.006139137048443 0.010852667263620 0.026045903825493 0.004340983970915 0.011510881965830 0.025323940324827 0.022790165847306 0.025323940324827 0.020620067800877 0.019534427869119 0.006906529179498 0.035813801969945 0.027131149818221 0.010743489834775 0.004604352786332 0.040154868875393 0.021704919854577 0.001085245992729 0.000767392131055 0.000767392131055 0.030387468338135 0.039904390814878 0.048345704256487 0.015347842621107 0.016278689890933 0.032230469504325 0.031472735064497 0.001047002197495 0.011937705920017 0.009767213934560 0.008681967941831 0.001047002197495 0.009767400537258 0.044495935780841 0.175813209670640 0.073669644581314 0.126619701624133 0.163875275680658 0.035813801969945 -9999.000000000000000 -9999.000000000000000 -9999.000000000000000
0.020620049480392 0.028216395810950 0.019952186544055 0.028216395810950 0.030386887796408 0.029928279816083 0.033642625774595 0.012278268642495 0.022790165847306 0.006511475956373 0.021704919854577 0.017363935883662 0.009208701481872 0.011937923383385 0.013023189145511 0.012278268642495 0.022790581004644 0.011510876852339 0.019534427869119 0.026045903825493 0.021486970124367 0.033643238625903 0.006906526111404 0.006511594572755 0.003069567160624 0.040154833198658 0.006906526111404 0.008682126097007 0.001085245992729 0.001047001732384 0.005426328810629 0.001085265762126 0.010743485062183 0.028216909815273 0.107441310450464 0.208371026328172 0.132758779696981 0.129689212536358 0.045276115619202 -9999.000000000000000 -9999.000000000000000 -9999.000000000000000
0.021486960806452 0.027626092465438 0.026045903825493 0.008441306031106 0.001047001278348 0.006511588925095 0.001047001278348 0.001480696252033 0.005426229963644 0.006906523116359 0.003255794462548 0.013023177850190 0.006511588925095 0.023875826058682 0.026091309550691 0.029928266837557 0.017650003519585 0.037984268729722 0.013022951912746 0.014108197905475 0.013022951912746 0.021704919854577 0.018417394976958 0.013045654775346 0.016882612062212 0.010852459927289 0.009208697488479 0.002170491985458 0.004604348744240 0.011937913029341 0.003069565829493 0.001480696252033 0.007596853745944 0.034728474267174 0.098759098697277 0.156278134202284 0.137828632247847 0.116643501520737 0.094389149256912 -9999.000000000000000 -9999.000000000000000 -9999.000000000000000
