CREST2.1/CREST2.1_redist/CREST_Example/Basics/DEM.asc
ncols         197
nrows         167
xllcorner     33.94999
yllcorner     -0.1083333
cellsize      8.333334E-03
NODATA_value  -9999
[rows 0 to 36 of 167, columns 82 to 163 of 197]
-9999 -9999 -9999 -9999 -9999 -9999 -9999 -9999 -9999 -9999 -9999 -9999 -9999 -9999 -9999 -9999 -9999 -9999 -9999 -9999 -9999 -9999 -9999 -9999 -9999 -9999 -9999 -9999 -9999 -9999 -9999 -9999 -9999 -9999 -9999 -9999 -9999 -9999 -9999 -9999 -9999 -9999 -9999 -9999 -9999 -9999 -9999 -9999 -9999 -9999 -9999 -9999 -9999 -9999 -9999 -9999 -9999 -9999 -9999 -9999 -9999 -9999 -9999 -9999 -9999 -9999 -9999 -9999 -9999 -9999 -9999 -9999 -9999 -9999 -9999 -9999 -9999 -9999 -9999 -9999 -9999 -9999
-9999 -9999 -9999 -9999 -9999 -9999 -9999 -9999 -9999 -9999 -9999 -9999 -9999 -9999 -9999 -9999 -9999 -9999 -9999 -9999 -9999 -9999 -9999 -9999 -9999 -9999 -9999 -9999 -9999 -9999 -9999 -9999 -9999 -9999 -9999 -9999 -9999 -9999 -9999 -9999 -9999 -9999 -9999 -9999 -9999 -9999 -9999 -9999 -9999 -9999 -9999 -9999 -9999 -9999 -9999 -9999 -9999 -9999 -9999 -9999 2215 -9999 -9999 -9999 -9999 -9999 -9999 -9999 -9999 -9999 -9999 -9999 -9999 -9999 -9999 -9999 -9999 -9999 -9999 -9999 -9999 -9999
-9999 -9999 -9999 -9999 -9999 -9999 -9999 -9999 -9999 -9999 -9999 -9999 -9999 -9999 -9999 -9999 -9999 -9999 -9999 -9999 -9999 -9999 -9999 -9999 -9999 -9999 -9999 -9999 -9999 -9999 -9999 -9999 -9999 -9999 -9999 -9999 -9999 -9999 -9999 -9999 -9999 -9999 -9999 -9999 -9999 -9999 -9999 -9999 -9999 -9999 -9999 -9999 -9999 -9999 -9999 -9999 -9999 -9999 -9999 -9999 2144 2179 -9999 -9999 -9999 -9999 -9999 -9999 -9999 -9999 -9999 -9999 -9999 -9999 -9999 -9999 -9999 -9999 -9999 -9999 -9999 -9999
-9999 -9999 -9999 -9999 -9999 -9999 -9999 -9999 -9999 -9999 -9999 -9999 -9999 -9999 -9999 -9999 -9999 -9999 -9999 -9999 -9999 -9999 -9999 -9999 -9999 -9999 -9999 -9999 -9999 -9999 -9999 -9999 -9999 -9999 -9999 -9999 -9999 -9999 -9999 -9999 -9999 -9999 -9999 -9999 -9999 -9999 -9999 -9999 -9999 -9999 -9999 -9999 -9999 -9999 -9999 -9999 -9999 2125 2136 2157 2133 2121 2137 -9999 -9999 -9999 -9999 -9999 -9999 -9999 -9999 -9999 -9999 -9999 -9999 -9999 -9999 -9999 -9999 -9999 -9999 -9999
-9999 -9999 -9999 -9999 -9999 -9999 -9999 -9999 -9999 -9999 -9999 -9999 -9999 -9999 -9999 -9999 -9999 -9999 -9999 -9999 -9999 -9999 -9999 -9999 -9999 -9999 -9999 -9999 -9999 -9999 -9999 -9999 -9999 -9999 -9999 -9999 -9999 -9999 -9999 -9999 -9999 -9999 -9999 -9999 -9999 -9999 -9999 -9999 -9999 -9999 -9999 -9999 -9999 -9999 -9999 2029 2040 2088 2102 2108 2085 2100 2121 2146 2226 2261 2275 2273 2327 2295 2337 2408 2477 2469 -9999 -9999 -9999 -9999 -9999 -9999 -9999 -9999
-9999 -9999 -9999 -9999 -9999 -9999 -9999 -9999 -9999 -9999 -9999 -9999 -9999 -9999 -9999 -9999 -9999 -9999 -9999 -9999 -9999 -9999 -9999 -9999 -9999 -9999 -9999 -9999 -9999 -9999 -9999 -9999 -9999 -9999 -9999 -9999 -9999 -9999 -9999 -9999 -9999 -9999 -9999 -9999 -9999 -9999 -9999 -9999 -9999 -9999 -9999 -9999 -9999 -9999 -9999 2029 2021 2022 2075 2047 2087 2107 2111 2144 2193 2224 2209 2270 2404 2310 2331 2351 2361 2404 2402 -9999 -9999 -9999 -9999 -9999 -9999 -9999
-9999 -9999 -9999 -9999 -9999 -9999 -9999 -9999 -9999 -9999 -9999 -9999 -9999 -9999 -9999 -9999 -9999 -9999 -9999 -9999 -9999 -9999 -9999 -9999 -9999 -9999 -9999 -9999 -9999 -9999 -9999 -9999 -9999 -9999 -9999 -9999 -9999 -9999 -9999 -9999 -9999 -9999 -9999 -9999 -9999 -9999 -9999 -9999 -9999 -9999 -9999 -9999 -9999 -9999 2045 2015 2008 1996 1993 2026 2074 2102 2112 2118 2138 2164 2228 2289 2346 2271 2272 2267 2284 2340 2358 -9999 -9999 -9999 -9999 -9999 -9999 -9999
-9999 -9999 -9999 -9999 -9999 -9999 -9999 -9999 -9999 -9999 -9999 -9999 -9999 -9999 -9999 -9999 -9999 -9999 -9999 -9999 -9999 -9999 1901 1888 -9999 -9999 -9999 -9999 -9999 -9999 -9999 -9999 -9999 -9999 -9999 -9999 -9999 -9999 -9999 -9999 -9999 -9999 -9999 -9999 -9999 -9999 -9999 -9999 -9999 1875 1918 1935 1970 2015 2047 2000 1971 1972 2003 2035 2070 2125 2153 2160 2142 2207 2278 2332 2291 2263 2252 2239 2281 2322 2334 2376 -9999 -9999 -9999 -9999 -9999 -9999
-9999 -9999 -9999 -9999 -9999 -9999 -9999 -9999 -9999 -9999 -9999 -9999 -9999 -9999 -9999 -9999 -9999 -9999 -9999 -9999 -9999 1927 1910 1899 1888 1884 1890 -9999 1894 1882 1864 1861 1888 1916 1930 1946 1945 1920 1928 1954 1947 1967 1953 1944 1929 1955 1942 1924 1940 1929 1923 1958 1948 1967 2006 1991 1953 2005 2019 2095 2121 2155 2233 2201 2204 2232 2260 2268 2227 2219 2210 2244 2314 2326 2330 2357 2442 -9999 -9999 -9999 -9999 -9999
-9999 -9999 -9999 -9999 -9999 -9999 -9999 -9999 -9999 -9999 -9999 -9999 -9999 -9999 -9999 -9999 -9999 -9999 -9999 -9999 1946 1923 1911 1895 1884 1877 1870 1873 1873 1858 1852 1850 1861 1887 1894 1916 1941 1920 1905 1918 1920 1939 1961 1948 1949 1927 1951 1934 1918 1917 1936 1936 1940 1932 1955 1947 1936 1966 2041 2036 2083 2130 2261 2263 2228 2209 2230 2191 2224 2258 2239 2283 2314 2338 2354 2354 2392 2590 -9999 -9999 -9999 -9999
-9999 -9999 -9999 -9999 -9999 -9999 -9999 -9999 -9999 -9999 -9999 -9999 -9999 -9999 -9999 -9999 -9999 -9999 -9999 1986 1949 1951 1936 1906 1891 1876 1869 1862 1859 1864 1861 1852 1848 1863 1871 1896 1908 1923 1894 1885 1897 1914 1942 1967 1952 1930 1921 1926 1912 1901 1931 1918 1927 1934 1973 1944 1922 1932 1961 1975 2000 2130 2289 2285 2227 2184 2187 2168 2194 2232 2268 2308 2304 2325 2330 2351 2355 2468 2619 -9999 -9999 -9999
-9999 -9999 -9999 -9999 -9999 -9999 -9999 -9999 -9999 -9999 -9999 -9999 -9999 -9999 -9999 -9999 2153 2102 2043 1997 1993 1996 1953 1928 1903 1886 1876 1869 1870 1876 1879 1867 1850 1848 1864 1884 1884 1919 1901 1875 1885 1931 1972 1984 1964 1937 1933 1918 1935 1918 1905 1911 1906 1918 1940 1952 1937 1918 1909 1927 1933 2050 2164 2280 2221 2200 2158 2154 2218 2238 2243 2292 2290 2346 2360 2342 2340 2366 2477 -9999 -9999 -9999
-9999 -9999 -9999 -9999 -9999 -9999 -9999 -9999 -9999 -9999 -9999 -9999 -9999 -9999 -9999 2252 2166 2106 2080 2034 2029 2034 1972 1938 1917 1909 1897 1880 1878 1875 1873 1880 1866 1845 1844 1855 1878 1887 1869 1876 1903 1928 1991 1982 1953 1962 1935 1944 1951 1926 1907 1899 1890 1896 1930 1914 1945 1947 1936 1905 1955 1998 2084 2243 2251 2205 2176 2138 2216 2277 2286 2295 2279 2320 2347 2340 2383 2381 2386 2552 2661 2649
-9999 -9999 -9999 -9999 -9999 -9999 -9999 -9999 -9999 -9999 -9999 -9999 -9999 -9999 2348 2315 2267 2231 2168 2097 2069 2033 1987 1937 1915 1908 1892 1874 1868 1861 1854 1863 1870 1858 1845 1841 1856 1853 1865 1903 1933 1954 1991 2007 1988 1958 1950 1973 1940 1921 1927 1915 1920 1890 1913 1902 1928 1926 1915 1897 1965 2047 2031 2158 2223 2180 2159 2134 2211 2285 2311 2284 2271 2302 2330 2346 2403 2422 2456 2454 2581 2678
-9999 -9999 -9999 -9999 -9999 -9999 -9999 -9999 -9999 -9999 -9999 -9999 -9999 2455 2463 2402 2312 2256 2214 2098 2029 1993 1960 1929 1909 1895 1883 1871 1862 1854 1849 1847 1857 1871 1861 1846 1838 1857 1879 1906 1928 1953 2008 2031 2012 1966 1976 1985 1961 1950 1942 1945 1937 1904 1885 1890 1908 1932 1906 1909 1934 2028 1992 2025 2149 2162 2119 2130 2209 2268 2284 2271 2263 2261 2304 2363 2407 2444 2455 2487 2511 2572
-9999 -9999 -9999 -9999 -9999 -9999 -9999 -9999 -9999 -9999 -9999 -9999 2569 2523 2468 2413 2362 2299 2188 2098 2052 2050 1989 1951 1923 1896 1878 1868 1860 1856 1853 1851 1843 1857 1870 1860 1836 1853 1863 1892 1886 1918 1987 1972 1964 1943 1959 1974 1986 1952 1929 1937 1919 1929 1914 1883 1915 1940 1893 1901 1921 1930 1919 2000 2134 2213 2137 2117 2190 2206 2239 2261 2237 2278 2306 2329 2410 2432 2447 2460 2475 2515
-9999 -9999 -9999 -9999 -9999 -9999 -9999 -9999 -9999 -9999 2697 2634 2562 2496 2463 2382 2294 2217 2155 2111 2066 2013 1968 1947 1918 1894 1877 1865 1854 1857 1855 1849 1843 1838 1854 1853 1834 1841 1858 1883 1870 1895 1927 1921 1900 1896 1906 1906 1940 1936 1922 1914 1908 1910 1918 1881 1907 1927 1888 1908 1925 1892 1892 1936 1992 2114 2077 2103 2109 2149 2192 2208 2229 2274 2327 2310 2344 2404 2416 2433 2453 2479
-9999 -9999 -9999 -9999 -9999 -9999 -9999 2957 2824 2725 2677 2623 2575 2537 2471 2389 2292 2195 2170 2102 2062 2017 2011 1959 1926 1905 1875 1862 1851 1846 1843 1839 1838 1832 1832 1838 1832 1835 1852 1857 1859 1858 1875 1872 1865 1868 1869 1891 1910 1907 1919 1929 1919 1900 1895 1879 1905 1928 1893 1887 1917 1886 1897 1917 1955 1994 2069 2193 2196 2139 2159 2176 2221 2252 2296 2313 2328 2347 2408 2412 2452 2469
-9999 -9999 -9999 -9999 3188 3220 3105 2887 2748 2658 2565 2486 2422 2392 2339 2275 2212 2156 2070 2032 2009 1964 1966 1929 1898 1878 1865 1855 1850 1843 1839 1837 1834 1831 1829 1828 1827 1829 1842 1843 1843 1842 1847 1852 1847 1848 1864 1887 1906 1912 1934 1951 1927 1926 1910 1884 1889 1927 1902 1884 1919 1887 1886 1935 1959 2024 2081 2209 2227 2181 2177 2185 2254 2251 2261 2312 2349 2375 2398 2446 2436 2452
-9999 -9999 -9999 3295 3242 3088 2957 2828 2730 2664 2657 2602 2527 2470 2376 2313 2304 2220 2116 2106 2023 1953 1919 1905 1890 1874 1864 1856 1850 1844 1840 1838 1835 1833 1830 1827 1825 1825 1824 1824 1829 1827 1831 1839 1835 1852 1872 1894 1933 1953 1947 1937 1917 1905 1913 1901 1875 1915 1898 1878 1896 1872 1899 1908 1932 2015 2067 2120 2254 2297 2273 2228 2218 2218 2218 2269 2318 2332 2417 2440 2423 2435
3502 3424 3323 3250 3169 3080 2953 2839 2773 2720 2636 2553 2476 2419 2303 2248 2226 2168 2129 2074 2010 1959 1927 1897 1882 1872 1864 1857 1851 1843 1844 1841 1838 1836 1834 1830 1828 1836 1838 1831 1824 1820 1821 1824 1832 1842 1852 1878 1889 1919 1955 1955 1929 1928 1924 1905 1875 1905 1883 1882 1869 1894 1906 1892 1910 1933 1995 2100 2181 2217 2272 2223 2139 2123 2177 2238 2283 2305 2385 2400 2409 2430
3450 3423 3363 3222 3160 3162 3050 2857 2744 2655 2587 2504 2471 2383 2294 2218 2150 2101 2083 2029 2010 1967 1943 1910 1889 1873 1864 1857 1852 1849 1846 1843 1840 1843 1836 1835 1833 1843 1853 1869 1856 1832 1818 1819 1825 1835 1839 1856 1864 1890 1929 1944 1933 1911 1889 1888 1870 1902 1874 1888 1875 1867 1887 1874 1888 1910 1926 2016 2073 2063 2154 2201 2143 2056 2138 2207 2234 2247 2345 2357 2403 2416
3342 3325 3326 3242 3085 3019 3084 3029 2821 2660 2599 2556 2524 2475 2345 2267 2195 2139 2112 2098 2051 1987 1962 1923 1896 1883 1873 1864 1856 1853 1847 1844 1845 1852 1841 1843 1843 1849 1865 1879 1865 1838 1817 1816 1817 1824 1834 1841 1855 1871 1901 1902 1927 1940 1914 1886 1867 1891 1870 1906 1906 1882 1860 1884 1905 1894 1938 1950 1952 1978 2018 2075 2112 2022 2042 2091 2225 2263 2329 2367 2393 2404
3268 3179 3163 3126 3047 2917 2868 2905 2847 2753 2647 2579 2466 2378 2344 2283 2206 2156 2067 2019 2017 2014 1944 1913 1897 1884 1873 1864 1859 1853 1851 1848 1853 1855 1853 1852 1853 1847 1845 1848 1835 1829 1821 1817 1815 1815 1824 1834 1841 1856 1869 1883 1909 1913 1905 1884 1865 1876 1863 1897 1921 1903 1861 1873 1886 1884 1918 1914 1945 1971 1955 1983 2001 2057 2138 2142 2278 2267 2281 2326 2374 2410
3271 3233 3144 3085 3010 2906 2805 2742 2763 2705 2613 2536 2481 2428 2294 2199 2109 2080 2045 2014 1956 1970 1956 1917 1892 1884 1875 1869 1863 1860 1859 1859 1858 1851 1845 1843 1842 1836 1828 1825 1835 1856 1832 1820 1815 1813 1814 1820 1830 1845 1865 1896 1896 1882 1919 1908 1884 1857 1860 1887 1908 1878 1857 1895 1913 1910 1915 1931 1960 1943 1919 1936 2009 2168 2154 2127 2218 2263 2188 2269 2362 2404
3230 3206 3200 3103 3065 3033 2912 2834 2751 2720 2692 2706 2707 2617 2433 2296 2212 2130 2049 2011 1968 1934 1917 1906 1894 1890 1888 1889 1881 1870 1862 1852 1847 1838 1835 1834 1832 1832 1839 1833 1840 1854 1839 1828 1820 1822 1818 1812 1826 1839 1850 1868 1875 1870 1917 1905 1885 1864 1856 1887 1912 1897 1864 1865 1882 1915 1937 1936 1919 1913 1908 1987 2086 2182 2121 2108 2171 2201 2157 2209 2331 2388
3260 3162 3126 3112 3027 3025 2981 2947 2877 2819 2819 2718 2713 2679 2613 2488 2395 2246 2171 2117 2059 2014 1968 1939 1911 1901 1911 1906 1887 1885 1879 1868 1862 1852 1846 1853 1847 1846 1865 1854 1854 1840 1828 1832 1833 1838 1831 1818 1813 1814 1819 1846 1848 1861 1889 1925 1913 1886 1856 1866 1893 1881 1871 1854 1894 1912 1924 1930 1920 1894 1916 1991 2082 2057 2080 2055 2118 2134 2129 2137 2249 2353
3270 3251 3186 3085 3025 3039 2959 2833 2759 2710 2748 2693 2600 2590 2535 2542 2408 2248 2194 2163 2101 2059 2017 1953 1934 1923 1915 1900 1889 1883 1885 1879 1873 1868 1864 1864 1854 1854 1860 1849 1851 1831 1839 1862 1856 1869 1861 1848 1823 1833 1821 1820 1855 1879 1894 1911 1911 1889 1867 1850 1868 1864 1848 1865 1900 1887 1906 1902 1915 1887 1905 1964 2006 2060 1995 2015 2077 2068 2078 2092 2134 2242
3260 3231 3204 3134 2948 2907 2930 2887 2814 2767 2655 2602 2545 2512 2441 2381 2317 2230 2161 2123 2091 2053 2002 1967 1966 1930 1913 1898 1878 1859 1875 1870 1858 1862 1859 1853 1847 1852 1851 1840 1835 1832 1847 1870 1881 1877 1851 1835 1844 1845 1814 1821 1844 1873 1895 1888 1898 1910 1877 1861 1852 1847 1841 1866 1878 1869 1879 1896 1902 1876 1891 1923 1974 2056 2001 1975 2014 1999 2064 2099 2184 2203
3218 3186 3125 3093 2995 2832 2763 2727 2721 2721 2646 2598 2564 2510 2416 2316 2276 2243 2168 2125 2095 2054 2007 1959 1926 1908 1900 1882 1860 1832 1855 1864 1843 1859 1861 1851 1843 1842 1864 1859 1845 1836 1855 1884 1877 1857 1846 1849 1864 1838 1819 1811 1827 1852 1866 1880 1876 1909 1902 1894 1888 1878 1851 1848 1858 1868 1891 1899 1876 1889 1921 1929 1959 2006 1987 1959 1962 2032 2136 2128 2211 2305
3172 3182 3072 2952 2962 2874 2776 2700 2656 2603 2566 2561 2492 2488 2427 2315 2276 2236 2204 2147 2077 2007 1976 1947 1917 1897 1880 1867 1853 1822 1824 1839 1827 1825 1850 1839 1836 1829 1860 1844 1836 1827 1857 1882 1883 1885 1863 1875 1865 1853 1839 1821 1816 1843 1874 1875 1860 1876 1899 1912 1890 1868 1851 1839 1844 1854 1856 1865 1873 1893 1907 1922 1956 1973 1941 1945 1980 2079 2177 2213 2194 2250
3098 3088 3095 3043 2898 2779 2679 2655 2635 2557 2468 2515 2437 2371 2332 2283 2257 2218 2171 2114 2063 2047 2014 1967 1932 1906 1881 1855 1824 1811 1800 1807 1796 1805 1830 1819 1822 1820 1847 1839 1814 1824 1856 1874 1895 1885 1877 1893 1875 1854 1854 1839 1810 1837 1860 1847 1853 1885 1905 1886 1872 1876 1865 1848 1838 1856 1874 1888 1904 1915 1924 1944 1940 1931 1933 1965 2002 2095 2153 2175 2167 2213
3080 2987 3032 3041 2994 2880 2735 2679 2649 2600 2506 2391 2308 2258 2251 2255 2226 2186 2133 2082 2033 2002 1973 1962 1938 1908 1893 1870 1851 1819 1794 1785 1793 1819 1838 1828 1798 1811 1820 1826 1807 1830 1840 1857 1880 1892 1873 1859 1856 1852 1846 1822 1806 1843 1838 1856 1867 1889 1922 1899 1894 1909 1894 1871 1845 1844 1856 1875 1912 1937 1929 1926 1919 1918 1954 2011 2018 2110 2123 2104 2151 2188
2939 2895 2916 2951 2966 2822 2748 2699 2656 2612 2576 2456 2339 2254 2222 2192 2204 2156 2122 2059 2008 1998 1950 1915 1900 1892 1866 1841 1820 1804 1795 1781 1792 1797 1814 1819 1789 1793 1821 1826 1802 1817 1836 1856 1883 1901 1896 1858 1845 1839 1829 1835 1808 1821 1831 1862 1889 1887 1919 1918 1908 1893 1880 1859 1844 1832 1844 1876 1910 1907 1922 1911 1905 1928 1944 1961 1941 1998 2089 2137 2216 2221
2979 2870 2794 2841 2908 2838 2736 2653 2616 2600 2549 2474 2337 2355 2355 2270 2179 2137 2107 2056 1954 1927 1921 1939 1899 1874 1856 1826 1801 1794 1789 1780 1775 1789 1794 1792 1780 1806 1812 1796 1793 1818 1842 1873 1889 1876 1867 1857 1870 1847 1847 1837 1811 1809 1828 1853 1865 1899 1925 1911 1886 1873 1869 1869 1865 1841 1834 1853 1867 1888 1921 1900 1897 1921 1911 1912 1963 1975 2158 2184 2223 2242
2934 2908 2830 2752 2805 2785 2729 2680 2651 2610 2544 2446 2386 2394 2334 2304 2247 2203 2135 2064 2024 1993 1913 1867 1874 1860 1841 1838 1831 1811 1799 1786 1768 1782 1769 1771 1779 1781 1783 1798 1799 1824 1858 1856 1872 1887 1889 1873 1865 1867 1861 1847 1826 1805 1823 1832 1851 1882 1922 1907 1898 1900 1907 1889 1862 1837 1837 1865 1868 1873 1905 1893 1894 1903 1897 1935 2037 2041 2207 2233 2260 2289
2922 2851 2830 2791 2718 2707 2738 2698 2624 2609 2573 2524 2488 2447 2375 2345 2283 2223 2156 2081 2020 1994 1963 1904 1854 1823 1804 1799 1806 1789 1774 1769 1764 1762 1780 1779 1800 1805 1802 1825 1821 1833 1836 1850 1869 1884 1891 1875 1891 1891 1855 1846 1844 1825 1805 1830 1850 1873 1911 1887 1876 1899 1900 1878 1859 1838 1833 1864 1896 1903 1921 1894 1886 1887 1910 1935 1974 2055 2131 2162 2248 2281
