CREST2.1/CREST2.1_redist/CREST_Example/Basics/DEM.asc
ncols         197
nrows         167
xllcorner     33.94999
yllcorner     -0.1083333
cellsize      8.333334E-03
NODATA_value  -9999
[rows 74 to 110 of 167, columns 82 to 163 of 197]
1534 1517 1507 1496 1479 1492 1504 1495 1471 1463 1484 1519 1547 1604 1681 1658 1623 1613 1593 1588 1609 1634 1620 1593 1559 1550 1581 1597 1620 1633 1641 1673 1678 1682 1672 1681 1697 1720 1729 1718 1739 1771 1796 1826 1857 1830 1849 1877 1892 1890 1885 1891 1882 1898 1903 1908 1897 1901 1921 1926 1920 1910 1907 1919 1951 1964 1966 1958 1973 1982 1989 1993 2009 2018 2031 2048 2046 2041 2050 2060 2073 2080
1524 1508 1503 1501 1471 1478 1502 1492 1471 1461 1477 1498 1512 1569 1657 1670 1635 1626 1603 1581 1598 1622 1618 1580 1545 1552 1575 1581 1599 1616 1610 1630 1632 1657 1676 1667 1668 1673 1673 1701 1752 1820 1831 1845 1855 1818 1838 1865 1880 1886 1892 1889 1859 1884 1905 1909 1886 1878 1903 1891 1898 1930 1932 1930 1959 1968 1974 1976 1983 1989 1997 1998 2003 2022 2032 2045 2046 2043 2052 2065 2083 2099
1517 1502 1502 1499 1468 1467 1488 1490 1468 1457 1464 1474 1496 1525 1597 1667 1652 1620 1612 1583 1588 1604 1607 1562 1542 1570 1573 1598 1586 1598 1593 1591 1598 1611 1628 1628 1655 1663 1675 1704 1755 1804 1833 1836 1825 1807 1825 1858 1861 1864 1893 1870 1838 1871 1894 1890 1843 1861 1873 1926 1939 1949 1949 1953 1961 1970 1979 1985 1994 1999 2009 2012 2007 2019 2036 2048 2049 2044 2052 2063 2083 2102
1507 1495 1496 1501 1473 1456 1474 1484 1468 1455 1459 1471 1489 1514 1559 1658 1648 1613 1592 1578 1567 1582 1586 1564 1538 1584 1608 1626 1619 1644 1635 1627 1633 1634 1636 1620 1672 1702 1721 1723 1742 1772 1796 1806 1798 1818 1835 1824 1819 1833 1860 1836 1828 1872 1878 1835 1869 1865 1889 1932 1947 1953 1956 1965 1970 1968 1979 1992 2002 2010 2024 2021 2019 2024 2031 2039 2044 2043 2052 2067 2091 2110
1497 1491 1490 1499 1480 1456 1463 1472 1452 1453 1458 1472 1489 1509 1538 1651 1670 1625 1601 1592 1564 1571 1560 1553 1533 1557 1572 1618 1658 1663 1677 1659 1664 1679 1691 1658 1640 1683 1712 1723 1754 1747 1758 1782 1819 1833 1855 1820 1786 1807 1812 1815 1817 1827 1836 1844 1886 1918 1922 1931 1936 1947 1959 1967 1975 1978 1977 1985 1995 2012 2024 2030 2032 2033 2035 2035 2042 2050 2057 2073 2104 2118
1488 1480 1490 1488 1471 1454 1456 1461 1447 1450 1454 1463 1479 1492 1514 1573 1656 1624 1588 1568 1549 1550 1536 1526 1557 1579 1593 1591 1630 1683 1712 1691 1703 1693 1708 1725 1680 1652 1657 1682 1698 1721 1757 1790 1825 1799 1832 1807 1791 1832 1823 1833 1848 1851 1867 1897 1911 1926 1937 1939 1940 1949 1958 1967 1975 1984 1989 1986 1991 2008 2024 2034 2041 2041 2036 2040 2041 2064 2085 2102 2116 2122
1469 1472 1491 1484 1462 1446 1445 1445 1446 1456 1466 1467 1470 1485 1513 1531 1570 1649 1584 1562 1536 1523 1532 1544 1569 1605 1625 1621 1614 1658 1709 1714 1730 1724 1721 1737 1747 1709 1669 1658 1689 1733 1774 1795 1805 1760 1775 1781 1802 1836 1843 1818 1835 1845 1869 1892 1907 1930 1936 1947 1954 1954 1954 1962 1970 1979 1991 2000 2002 2011 2022 2026 2042 2048 2049 2047 2047 2090 2106 2120 2123 2126
1464 1480 1489 1470 1461 1442 1441 1446 1449 1459 1480 1494 1495 1501 1516 1514 1510 1574 1587 1521 1519 1530 1551 1567 1581 1582 1596 1621 1649 1648 1693 1739 1741 1752 1760 1745 1759 1739 1710 1687 1665 1706 1748 1757 1778 1748 1790 1812 1818 1845 1857 1829 1826 1857 1856 1873 1914 1930 1938 1946 1957 1962 1967 1971 1981 1986 1989 1999 1991 1998 2005 2021 2038 2058 2070 2061 2055 2099 2118 2127 2126 2125
1461 1468 1484 1467 1448 1438 1442 1465 1468 1464 1482 1501 1507 1518 1513 1497 1491 1494 1525 1525 1501 1513 1523 1547 1543 1557 1552 1591 1657 1617 1643 1725 1740 1771 1777 1771 1769 1742 1742 1705 1689 1683 1713 1712 1727 1741 1788 1820 1823 1864 1909 1839 1840 1875 1875 1885 1918 1939 1941 1951 1959 1959 1965 1968 1975 1982 1991 1990 1978 1998 2019 2039 2056 2088 2082 2068 2089 2118 2128 2132 2136 2126
1469 1458 1480 1461 1439 1434 1441 1458 1467 1479 1485 1491 1494 1516 1507 1480 1480 1472 1473 1471 1477 1491 1528 1540 1538 1552 1567 1564 1577 1591 1611 1649 1733 1811 1811 1811 1782 1774 1748 1732 1715 1683 1684 1714 1707 1744 1791 1837 1853 1872 1894 1848 1843 1876 1888 1899 1913 1943 1948 1949 1945 1950 1962 1975 1978 1983 1988 1977 1982 2003 2011 2054 2084 2096 2101 2093 2107 2125 2133 2137 2142 2132
1457 1461 1478 1459 1438 1433 1449 1462 1469 1484 1476 1481 1496 1510 1510 1489 1462 1459 1449 1454 1472 1516 1552 1592 1576 1557 1585 1591 1590 1597 1612 1631 1684 1832 1916 1860 1857 1808 1756 1762 1748 1716 1729 1732 1753 1726 1751 1801 1852 1912 1879 1873 1847 1850 1866 1889 1918 1947 1944 1938 1931 1944 1955 1965 1966 1974 1982 1972 1976 1989 2006 2040 2076 2099 2110 2114 2117 2129 2135 2144 2147 2140
1449 1465 1484 1464 1441 1431 1447 1470 1482 1481 1470 1488 1499 1493 1495 1483 1458 1447 1458 1472 1485 1495 1532 1609 1628 1591 1580 1609 1602 1616 1626 1653 1682 1820 1955 1977 1899 1822 1805 1779 1762 1745 1774 1759 1773 1739 1747 1779 1815 1954 1936 1913 1879 1851 1854 1871 1904 1945 1944 1921 1912 1942 1956 1962 1972 1975 1974 1976 1979 1973 1997 2030 2048 2085 2108 2120 2131 2142 2144 2151 2153 2141
1442 1474 1487 1466 1448 1430 1442 1463 1478 1482 1463 1467 1487 1485 1478 1459 1442 1457 1477 1486 1495 1498 1515 1541 1640 1648 1606 1597 1614 1629 1663 1678 1715 1812 2015 2032 1966 1905 1850 1813 1771 1778 1790 1805 1785 1753 1756 1777 1821 2010 1954 1936 1889 1878 1870 1859 1886 1930 1945 1898 1898 1945 1958 1967 1973 1978 1966 1968 1968 1972 1995 2018 2033 2057 2091 2125 2136 2147 2150 2156 2153 2145
1450 1471 1494 1482 1455 1432 1434 1446 1472 1485 1460 1463 1480 1479 1458 1445 1447 1454 1460 1468 1479 1482 1492 1507 1553 1691 1663 1618 1617 1639 1689 1730 1745 1863 2020 2097 2025 1942 1863 1814 1794 1810 1813 1825 1786 1792 1784 1780 1801 1850 1852 1880 1894 1915 1909 1933 1868 1896 1930 1905 1908 1941 1943 1958 1954 1960 1956 1969 1985 1975 1989 1993 2013 2042 2084 2133 2140 2153 2157 2161 2160 2149
1453 1479 1490 1476 1455 1434 1428 1449 1469 1464 1455 1476 1479 1462 1439 1446 1477 1479 1485 1476 1475 1475 1476 1499 1524 1590 1731 1673 1639 1664 1705 1758 1820 1854 1997 2081 2036 1929 1851 1819 1810 1841 1835 1826 1788 1810 1807 1816 1798 1814 1831 1846 1886 1918 1999 1999 1920 1871 1875 1872 1903 1912 1922 1925 1915 1953 1976 1998 2001 1984 1978 1983 2023 2047 2074 2130 2138 2149 2157 2164 2158 2155
1471 1488 1473 1454 1448 1428 1431 1462 1468 1447 1460 1471 1446 1435 1440 1457 1478 1491 1495 1496 1499 1495 1481 1490 1504 1536 1620 1715 1696 1692 1757 1758 1866 1908 2007 2072 2011 1942 1880 1840 1847 1894 1870 1837 1794 1821 1827 1838 1818 1819 1863 1878 1871 1902 1957 2035 2015 1903 1891 1883 1873 1875 1883 1900 1934 1967 1985 2004 2015 2009 1990 1995 2029 2054 2079 2109 2121 2147 2155 2153 2156 2168
1458 1484 1479 1456 1437 1420 1434 1456 1450 1445 1466 1460 1435 1443 1446 1462 1474 1478 1483 1492 1499 1506 1492 1485 1497 1524 1573 1655 1766 1761 1853 1807 1825 1936 2013 2095 2053 1994 1913 1872 1922 2003 1895 1840 1802 1824 1847 1852 1846 1828 1868 1962 1911 1903 1936 1999 1994 1930 1910 1901 1883 1883 1908 1931 1961 1974 1988 1997 2010 2021 2014 2032 2020 2052 2068 2081 2104 2123 2127 2133 2156 2171
1466 1478 1471 1471 1444 1419 1435 1438 1434 1448 1451 1445 1430 1442 1458 1453 1460 1476 1492 1488 1485 1492 1505 1508 1489 1499 1512 1565 1629 1784 1910 1879 1856 1981 2039 2108 2083 2063 1990 1987 2002 1983 1908 1856 1814 1840 1861 1881 1877 1854 1919 1968 1936 1931 1937 1944 1976 1962 1936 1910 1904 1905 1905 1952 1971 1979 1987 1990 1986 1993 2022 2049 2035 2043 2054 2082 2092 2094 2111 2128 2141 2161
1435 1448 1443 1453 1430 1411 1420 1424 1430 1431 1426 1426 1438 1450 1476 1470 1471 1491 1508 1521 1493 1507 1504 1517 1503 1501 1511 1524 1561 1634 1717 1829 1914 1986 2061 2105 2097 2067 2047 2035 2023 1997 1889 1849 1830 1825 1855 1879 1874 1889 1906 1900 1926 1927 1913 1950 1938 1959 1958 1917 1928 1923 1922 1944 1958 1973 1976 1959 1952 1979 2022 2055 2057 2070 2059 2068 2078 2081 2099 2115 2126 2149
1417 1440 1438 1418 1405 1421 1424 1410 1413 1416 1430 1441 1461 1465 1494 1486 1485 1505 1527 1513 1495 1502 1516 1533 1527 1506 1514 1522 1539 1575 1617 1650 1794 1972 1999 2115 2130 2095 2069 2049 1990 1936 1872 1853 1839 1846 1827 1844 1858 1887 1885 1874 1918 1920 1906 1920 1914 1948 1965 1930 1945 1940 1932 1919 1925 1936 1938 1968 1973 1972 2032 2065 2078 2083 2081 2088 2105 2095 2094 2107 2122 2158
1443 1447 1424 1406 1396 1424 1413 1410 1440 1442 1440 1459 1471 1476 1494 1503 1513 1523 1544 1531 1506 1503 1522 1553 1546 1524 1521 1525 1534 1557 1589 1620 1673 1798 1971 2110 2119 2114 2108 2057 1992 1902 1886 1871 1850 1874 1857 1830 1848 1875 1852 1868 1891 1885 1885 1908 1936 1953 1978 1949 1935 1960 1947 1935 1945 1956 1965 2000 2012 1990 2014 2051 2083 2092 2092 2097 2114 2110 2110 2106 2115 2141
1431 1423 1404 1386 1398 1409 1401 1427 1443 1439 1449 1461 1467 1475 1490 1511 1514 1532 1540 1542 1520 1514 1539 1554 1553 1553 1542 1538 1551 1561 1596 1607 1632 1696 1849 2024 2072 2069 2067 2066 1992 1927 1886 1863 1865 1908 1899 1854 1850 1841 1849 1857 1853 1868 1899 1908 1932 1942 1959 1976 1950 1951 1965 1966 1961 1972 1971 1991 2028 2036 2022 2041 2080 2099 2103 2108 2120 2120 2126 2135 2137 2125
1404 1392 1377 1395 1413 1397 1410 1417 1430 1443 1444 1452 1468 1483 1497 1502 1526 1543 1554 1549 1544 1530 1528 1542 1555 1570 1553 1551 1576 1585 1590 1614 1632 1660 1824 1955 2054 2049 2000 2008 2015 1968 1913 1864 1878 1949 1958 1896 1872 1862 1883 1902 1879 1853 1862 1874 1888 1904 1951 1984 1976 1963 1960 1972 1974 1961 1945 1958 2026 2057 2052 2042 2070 2104 2112 2120 2131 2129 2134 2148 2157 2151
1363 1367 1393 1407 1399 1393 1417 1435 1451 1460 1467 1465 1473 1505 1520 1527 1526 1556 1574 1581 1563 1545 1539 1547 1553 1560 1570 1583 1595 1615 1617 1628 1645 1636 1691 1931 2018 2049 2025 1985 1994 1972 1927 1901 1899 1996 2018 1945 1893 1884 1873 1900 1899 1888 1864 1860 1873 1893 1940 1956 1990 1987 1961 1950 1967 1950 1938 1964 2027 2059 2071 2084 2090 2104 2118 2130 2138 2139 2139 2159 2167 2170
1345 1368 1386 1382 1383 1398 1410 1429 1440 1455 1462 1480 1494 1515 1542 1545 1542 1561 1600 1613 1595 1579 1563 1556 1564 1575 1597 1632 1624 1616 1613 1624 1614 1627 1648 1783 2011 2007 1996 1986 1968 1965 1959 1970 1939 1975 1978 1993 1943 1904 1883 1885 1916 1910 1876 1882 1920 1900 1905 1948 1963 1970 1954 1925 1933 1926 1943 1994 2005 2020 2068 2092 2102 2113 2123 2136 2140 2148 2146 2156 2167 2176
1341 1355 1358 1375 1389 1407 1414 1416 1430 1447 1459 1495 1503 1514 1528 1525 1548 1559 1547 1553 1570 1560 1549 1576 1602 1625 1634 1664 1650 1619 1607 1614 1612 1630 1628 1678 1852 2018 2021 1991 1995 1981 2012 2003 1994 1976 1947 1928 1930 1902 1902 1905 1897 1919 1892 1910 1946 1918 1903 1907 1946 1943 1959 1928 1912 1937 1971 1985 2031 2058 2070 2095 2112 2120 2126 2132 2136 2146 2149 2151 2163 2171
1365 1360 1377 1386 1411 1412 1432 1426 1456 1486 1490 1492 1497 1503 1507 1525 1535 1524 1525 1511 1518 1555 1588 1590 1616 1617 1631 1639 1639 1627 1601 1597 1606 1612 1616 1643 1692 1970 2030 2009 1990 2004 2047 2014 2028 2008 1986 1950 1925 1902 1929 1911 1902 1913 1930 1941 1979 1958 1943 1923 1914 1916 1918 1909 1903 1913 1951 1974 2007 2029 2019 2089 2110 2114 2119 2127 2134 2133 2144 2160 2171 2176
1413 1406 1408 1413 1420 1424 1449 1435 1442 1470 1486 1478 1493 1484 1499 1498 1511 1498 1499 1516 1536 1556 1585 1585 1595 1598 1623 1617 1613 1603 1593 1602 1618 1626 1620 1639 1665 1850 2048 2025 2021 2006 2054 2040 2061 2024 2018 1974 1933 1925 1944 1913 1928 1914 1929 1963 1990 2009 1977 1959 1927 1907 1897 1908 1927 1945 1949 1952 1974 1997 2029 2088 2102 2112 2123 2126 2126 2134 2146 2164 2173 2176
1428 1463 1432 1458 1449 1456 1450 1462 1467 1468 1462 1465 1473 1468 1472 1475 1481 1492 1495 1518 1525 1540 1559 1559 1573 1609 1627 1634 1638 1607 1592 1593 1620 1632 1631 1658 1665 1742 1947 2035 2026 2016 2037 2062 2088 2056 2026 1961 1966 1948 1952 1923 1943 1934 1938 1945 1987 2013 1965 1936 1920 1942 1926 1906 1948 2003 2005 2012 2019 2048 2069 2087 2098 2113 2121 2117 2123 2132 2146 2163 2162 2169
1409 1479 1456 1482 1487 1498 1481 1477 1474 1458 1458 1471 1470 1481 1499 1480 1505 1514 1507 1515 1532 1526 1537 1550 1562 1587 1629 1634 1616 1605 1597 1584 1599 1604 1620 1705 1686 1702 1892 2037 2029 2043 2039 2025 2050 2066 2047 1990 1985 2006 1980 1943 1955 1968 1987 2005 2003 2006 1963 1965 1929 1965 1961 1905 1947 2010 2029 2025 2030 2061 2087 2093 2092 2097 2108 2122 2129 2135 2145 2150 2156 2169
1423 1452 1464 1491 1501 1508 1497 1475 1456 1451 1473 1484 1492 1494 1505 1487 1512 1541 1533 1530 1558 1541 1557 1563 1570 1584 1632 1620 1607 1600 1583 1594 1609 1613 1615 1634 1656 1675 1806 2012 2050 2082 2056 2018 2019 2026 2056 2049 2006 2034 2013 2004 1977 2008 2072 2104 2058 2009 1972 1956 1934 1961 1962 1906 1911 1968 2026 2045 2054 2057 2067 2076 2089 2111 2114 2117 2119 2130 2138 2148 2157 2163
1390 1386 1442 1483 1473 1493 1480 1466 1450 1444 1457 1465 1470 1488 1522 1512 1514 1535 1549 1547 1571 1557 1557 1570 1581 1597 1642 1619 1598 1584 1579 1610 1613 1594 1602 1625 1646 1680 1774 1949 2024 2073 2042 2048 2036 2009 2025 2034 2025 1995 1993 2008 2026 2016 2023 2036 2026 2021 1982 1968 1943 1982 1990 1926 1915 1977 2006 2030 2054 2076 2084 2092 2100 2112 2124 2128 2128 2135 2139 2151 2157 2166
1354 1362 1407 1477 1461 1459 1461 1455 1441 1445 1459 1481 1485 1502 1542 1540 1543 1549 1574 1572 1570 1582 1572 1564 1575 1597 1623 1604 1590 1580 1595 1620 1607 1590 1603 1618 1659 1690 1741 1924 2038 2082 2067 2059 2046 2012 2007 2006 1990 1983 1974 1973 1991 1998 1987 2014 1994 2001 1999 1982 1950 1997 2008 1940 1946 2005 2031 2024 2038 2062 2080 2088 2093 2100 2110 2112 2113 2121 2129 2143 2145 2154
1379 1382 1411 1449 1458 1435 1429 1442 1442 1461 1467 1478 1481 1499 1550 1548 1541 1551 1565 1587 1594 1608 1606 1587 1593 1600 1626 1602 1590 1570 1597 1610 1603 1606 1606 1634 1650 1684 1769 1966 2021 2101 2098 2056 2029 2005 2029 2052 2027 2034 1996 1966 1966 1965 1993 2029 2011 1989 1970 1960 1966 2010 2039 1978 2006 2037 2049 2041 2043 2048 2062 2072 2085 2097 2099 2120 2127 2132 2139 2144 2151 2160
1405 1410 1433 1442 1433 1431 1444 1438 1448 1460 1483 1506 1503 1509 1529 1524 1538 1541 1554 1571 1580 1591 1609 1614 1618 1623 1626 1595 1567 1561 1568 1576 1613 1635 1616 1677 1681 1689 1743 1884 2027 2073 2094 2058 2028 2031 2052 2056 2058 2022 2012 1992 1969 1955 1978 2005 2021 1993 1970 1978 1983 2024 2050 2031 2028 2041 2062 2076 2055 2065 2093 2101 2105 2111 2107 2109 2120 2127 2143 2154 2163 2169
1399 1425 1438 1439 1420 1442 1470 1466 1464 1475 1497 1523 1511 1497 1512 1517 1526 1540 1550 1564 1567 1576 1578 1597 1601 1600 1620 1595 1566 1566 1584 1584 1575 1588 1599 1659 1718 1710 1867 2007 2045 2058 2071 2067 2032 2045 2042 2068 2062 2000 1987 1987 1958 1967 1995 2009 2019 1983 1989 1987 2032 2047 2057 2048 2036 2030 2052 2089 2083 2061 2078 2088 2089 2100 2111 2106 2109 2122 2135 2141 2154 2163
1417 1431 1424 1418 1416 1435 1443 1460 1468 1483 1499 1510 1486 1499 1517 1529 1529 1529 1536 1549 1548 1556 1559 1581 1613 1603 1603 1599 1568 1552 1576 1568 1576 1574 1590 1621 1762 1725 1882 2051 2074 2069 2055 2039 2035 2034 1991 2009 2052 2028 1964 1979 1952 1954 1969 2006 2016 2005 2005 1998 2032 2059 2064 2060 2059 2052 2044 2071 2086 2089 2087 2104 2120 2121 2116 2115 2124 2130 2143 2145 2144 2154
