CREST2.1/CREST2.1_redist/CREST_Example/Basics/DEM.asc
ncols         197
nrows         167
xllcorner     33.94999
yllcorner     -0.1083333
cellsize      8.333334E-03
NODATA_value  -9999
[rows 37 to 73 of 167, columns 82 to 163 of 197]
2902 2864 2804 2789 2735 2652 2676 2660 2626 2594 2540 2503 2489 2405 2336 2287 2278 2228 2177 2121 2049 1994 1953 1909 1861 1843 1826 1810 1799 1801 1802 1787 1772 1758 1791 1798 1789 1810 1828 1825 1823 1841 1825 1839 1854 1854 1862 1852 1869 1874 1875 1860 1841 1827 1804 1824 1839 1863 1909 1881 1858 1890 1902 1879 1860 1832 1828 1861 1884 1910 1908 1886 1873 1890 1908 1914 1939 1977 2034 2077 2173 2256
2865 2873 2816 2782 2742 2707 2593 2582 2605 2570 2525 2526 2534 2471 2358 2280 2240 2189 2076 2023 1994 1967 1945 1911 1886 1871 1832 1809 1786 1809 1810 1791 1761 1767 1793 1813 1812 1825 1834 1829 1815 1821 1820 1835 1831 1839 1841 1831 1849 1841 1868 1868 1845 1823 1806 1820 1847 1861 1894 1879 1848 1863 1890 1864 1848 1826 1836 1852 1880 1908 1923 1898 1870 1889 1898 1919 1933 1945 1997 2029 2124 2250
2829 2793 2791 2774 2749 2678 2649 2568 2530 2507 2507 2532 2494 2408 2345 2299 2238 2189 2102 2025 2014 1985 1965 1956 1939 1884 1815 1793 1778 1779 1791 1788 1761 1761 1783 1786 1788 1822 1845 1830 1818 1815 1807 1814 1817 1821 1835 1821 1835 1828 1849 1867 1856 1845 1815 1805 1825 1845 1875 1877 1845 1848 1878 1855 1833 1830 1860 1866 1882 1901 1923 1900 1869 1875 1892 1905 1906 1930 1982 1974 2023 2160
2822 2756 2688 2735 2726 2726 2617 2516 2567 2507 2464 2470 2486 2442 2344 2276 2259 2221 2138 2129 2072 2003 2007 1974 1940 1870 1851 1833 1812 1780 1768 1764 1765 1748 1754 1766 1800 1821 1843 1834 1833 1826 1823 1804 1802 1812 1831 1810 1814 1823 1843 1862 1873 1843 1828 1807 1811 1831 1859 1877 1849 1836 1862 1831 1826 1837 1852 1860 1866 1883 1895 1895 1866 1866 1876 1878 1892 1923 1974 1952 1997 2135
2732 2713 2652 2684 2606 2673 2528 2475 2524 2472 2413 2435 2448 2378 2311 2277 2264 2241 2228 2183 2086 2015 1962 1930 1918 1870 1855 1822 1823 1813 1805 1801 1801 1770 1744 1760 1786 1825 1815 1809 1842 1840 1835 1829 1825 1801 1812 1806 1819 1838 1860 1847 1863 1869 1853 1823 1802 1830 1862 1846 1839 1825 1831 1824 1853 1867 1866 1871 1878 1881 1893 1880 1853 1856 1865 1864 1874 1903 1922 1925 1961 2044
2660 2623 2634 2557 2499 2558 2462 2518 2486 2444 2397 2367 2326 2341 2300 2264 2240 2205 2195 2191 2086 2000 1974 1929 1862 1845 1856 1824 1802 1800 1804 1804 1824 1794 1749 1747 1775 1812 1790 1789 1827 1848 1848 1855 1837 1809 1793 1806 1821 1839 1832 1834 1859 1870 1844 1824 1801 1828 1856 1824 1812 1817 1826 1839 1850 1851 1849 1850 1858 1861 1870 1873 1850 1864 1887 1883 1873 1876 1898 1917 1939 1975
2588 2532 2492 2414 2412 2453 2439 2496 2444 2410 2425 2384 2302 2289 2318 2270 2209 2192 2148 2125 2094 1982 1936 1925 1886 1824 1819 1796 1796 1792 1780 1786 1813 1786 1753 1742 1778 1793 1790 1770 1786 1818 1820 1839 1820 1832 1803 1802 1835 1828 1814 1835 1839 1861 1864 1840 1804 1817 1838 1811 1814 1818 1825 1821 1822 1826 1832 1834 1834 1836 1841 1846 1861 1885 1894 1908 1912 1879 1884 1896 1923 1940
2530 2464 2415 2339 2331 2423 2377 2376 2349 2411 2390 2311 2303 2205 2274 2292 2240 2205 2163 2096 2077 1987 1939 1891 1857 1821 1823 1808 1783 1774 1770 1788 1810 1777 1753 1737 1764 1763 1782 1758 1767 1777 1797 1826 1816 1818 1796 1803 1820 1803 1814 1816 1830 1843 1850 1846 1808 1811 1807 1808 1829 1830 1826 1834 1846 1847 1870 1859 1858 1865 1861 1857 1870 1879 1896 1919 1963 1939 1890 1884 1905 1944
2451 2427 2452 2351 2286 2397 2379 2250 2317 2364 2289 2275 2169 2145 2167 2247 2117 2113 2075 2051 2061 2024 1951 1905 1867 1848 1820 1804 1790 1779 1763 1763 1781 1795 1778 1750 1731 1745 1761 1746 1759 1776 1793 1821 1808 1797 1784 1799 1791 1782 1799 1798 1807 1818 1816 1833 1812 1798 1806 1831 1854 1861 1846 1860 1871 1893 1931 1902 1897 1904 1914 1879 1896 1910 1908 1940 1972 1979 1914 1891 1903 1923
2359 2401 2378 2375 2239 2259 2279 2204 2310 2257 2190 2202 2140 2131 2083 2146 2092 2043 2025 2032 2055 2010 1976 1947 1901 1833 1786 1771 1782 1802 1794 1764 1749 1769 1781 1766 1738 1729 1733 1748 1774 1797 1802 1818 1816 1783 1775 1775 1781 1793 1785 1784 1782 1784 1802 1839 1836 1794 1805 1818 1832 1850 1872 1891 1916 1939 1957 1957 1959 1965 1956 1887 1922 1927 1932 1972 2001 2008 1943 1909 1891 1915
2304 2350 2362 2337 2241 2163 2151 2213 2234 2201 2154 2185 2143 2097 2068 2108 2077 2043 1987 1993 2046 2031 1956 1917 1905 1867 1794 1773 1766 1773 1804 1785 1761 1740 1759 1778 1761 1728 1728 1758 1764 1780 1782 1812 1817 1786 1773 1791 1809 1829 1811 1820 1810 1787 1793 1818 1832 1803 1790 1804 1827 1864 1881 1913 1926 1935 1949 1963 1965 1969 1956 1891 1907 1946 1978 2006 2008 2016 1999 1954 1906 1909
2282 2292 2345 2295 2210 2154 2095 2184 2161 2169 2127 2127 2107 2063 2038 2050 2030 2017 1966 1946 1997 1986 1969 1907 1831 1791 1784 1775 1762 1753 1781 1794 1773 1747 1741 1761 1750 1730 1728 1739 1750 1756 1770 1796 1817 1786 1774 1801 1820 1846 1840 1845 1819 1814 1793 1789 1805 1792 1805 1816 1834 1883 1910 1902 1918 1934 1944 1946 1944 1947 1947 1943 1927 1942 1989 1994 2001 2005 2017 1997 1919 1914
2221 2250 2284 2268 2239 2116 2069 2105 2093 2094 2088 2092 2062 2043 1990 1969 1954 1952 1945 1888 1915 1922 1936 1864 1822 1778 1777 1785 1789 1752 1751 1768 1753 1740 1734 1761 1728 1712 1723 1734 1755 1756 1780 1806 1808 1775 1784 1809 1816 1835 1864 1860 1835 1838 1816 1796 1788 1800 1829 1834 1857 1894 1927 1935 1942 1951 1955 1944 1941 1942 1959 1968 1978 1970 1981 1990 2005 2015 2019 2013 1933 1904
2138 2171 2190 2188 2194 2083 2054 2027 2047 2016 2019 2006 1996 1993 1954 1903 1894 1890 1898 1836 1852 1880 1890 1830 1749 1752 1749 1778 1796 1761 1737 1734 1747 1735 1729 1744 1713 1733 1740 1757 1761 1767 1776 1809 1795 1767 1786 1807 1810 1817 1831 1835 1855 1857 1834 1804 1808 1824 1839 1864 1895 1922 1934 1940 1950 1960 1955 1956 1951 1955 1967 1977 1989 1992 1990 2001 2009 2023 2016 1983 1929 1921
2125 2091 2098 2098 2120 2080 2026 2000 1991 1977 1965 1944 1969 1922 1918 1890 1762 1761 1840 1753 1738 1788 1788 1766 1747 1727 1725 1760 1783 1790 1765 1736 1711 1720 1705 1705 1709 1744 1773 1783 1779 1789 1792 1807 1796 1784 1770 1774 1791 1801 1805 1810 1842 1856 1833 1822 1823 1882 1880 1902 1918 1924 1927 1920 1941 1949 1953 1967 1964 1964 1973 1980 1993 1999 2005 2007 2014 2022 2019 1997 1933 1943
2113 2056 2015 2050 2058 2042 2011 1962 1929 1943 1901 1882 1867 1831 1767 1755 1706 1718 1753 1732 1692 1713 1717 1728 1719 1713 1714 1755 1771 1780 1774 1748 1726 1695 1700 1738 1730 1751 1787 1794 1801 1812 1808 1827 1821 1810 1784 1770 1799 1825 1837 1832 1830 1852 1867 1851 1849 1860 1902 1883 1887 1897 1914 1896 1916 1937 1951 1959 1956 1962 1970 1972 1989 1998 2001 2001 2005 2016 2013 1962 1983 2023
2062 1999 1981 1979 2012 1982 1989 1932 1880 1864 1827 1746 1747 1736 1714 1702 1696 1707 1736 1725 1685 1697 1717 1701 1701 1701 1732 1764 1773 1753 1775 1762 1745 1707 1691 1730 1772 1746 1769 1810 1824 1808 1816 1807 1820 1805 1774 1772 1803 1821 1825 1834 1849 1869 1873 1864 1869 1872 1866 1855 1858 1862 1894 1876 1883 1907 1936 1954 1928 1936 1955 1972 1984 1985 1989 2001 2005 2016 2020 1991 2017 2038
1984 1923 1915 1914 1920 1931 1914 1907 1805 1729 1769 1733 1710 1705 1715 1694 1688 1697 1726 1728 1689 1683 1712 1690 1686 1708 1736 1746 1766 1748 1748 1748 1713 1702 1685 1721 1769 1777 1772 1801 1789 1775 1787 1781 1790 1791 1769 1770 1788 1799 1796 1812 1829 1859 1872 1841 1833 1851 1850 1833 1838 1846 1859 1864 1879 1870 1910 1941 1911 1943 1948 1972 1986 1990 2004 2012 2008 2018 2025 2023 2031 2036
1891 1853 1894 1829 1780 1820 1815 1770 1767 1701 1717 1736 1721 1694 1715 1701 1682 1691 1718 1730 1694 1671 1692 1678 1705 1729 1735 1744 1775 1763 1730 1750 1719 1685 1687 1715 1745 1741 1746 1790 1754 1744 1764 1769 1762 1793 1778 1766 1764 1772 1796 1810 1830 1854 1861 1841 1818 1822 1827 1830 1859 1861 1872 1884 1925 1903 1896 1905 1925 1960 1955 1968 1989 1997 2006 2015 2017 2027 2028 2032 2041 2045
1703 1706 1818 1782 1705 1716 1746 1731 1725 1697 1694 1721 1708 1703 1685 1699 1675 1677 1701 1721 1690 1664 1669 1677 1698 1730 1725 1743 1764 1754 1722 1728 1720 1693 1677 1691 1711 1723 1751 1782 1745 1725 1747 1738 1744 1776 1799 1797 1779 1762 1778 1797 1812 1828 1837 1842 1815 1797 1821 1837 1843 1861 1883 1910 1930 1932 1954 1951 1956 1969 1968 1964 1983 1998 2007 2012 2017 2027 2035 2041 2042 2049
1652 1653 1693 1715 1696 1682 1716 1717 1705 1693 1676 1711 1701 1685 1674 1674 1670 1678 1706 1699 1675 1659 1682 1703 1720 1739 1711 1728 1738 1742 1714 1712 1692 1679 1677 1707 1729 1729 1727 1729 1742 1717 1721 1735 1744 1760 1800 1800 1781 1771 1762 1778 1798 1808 1806 1824 1802 1790 1820 1851 1845 1870 1882 1899 1894 1918 1957 1969 1968 1984 1980 1973 1987 2002 2014 2015 2014 2017 2030 2046 2050 2049
1638 1622 1642 1659 1680 1671 1690 1682 1709 1701 1668 1693 1716 1706 1692 1671 1661 1683 1708 1676 1652 1684 1718 1733 1743 1739 1701 1714 1727 1715 1703 1709 1695 1666 1681 1718 1731 1707 1705 1705 1714 1708 1738 1749 1773 1771 1796 1810 1808 1797 1771 1760 1773 1794 1784 1791 1783 1812 1820 1845 1849 1852 1867 1870 1882 1906 1951 1972 1978 1984 1986 1984 1991 2000 2007 2005 2016 2027 2036 2046 2057 2057
1654 1636 1607 1639 1647 1655 1666 1669 1698 1701 1677 1666 1697 1692 1699 1678 1655 1678 1706 1680 1651 1689 1715 1722 1720 1702 1684 1690 1720 1708 1687 1683 1679 1662 1679 1694 1713 1695 1685 1697 1712 1727 1741 1754 1785 1801 1806 1826 1818 1815 1799 1764 1764 1768 1775 1795 1801 1811 1839 1855 1860 1868 1859 1867 1875 1894 1933 1974 1987 1993 1990 1991 1997 2007 2005 2009 2024 2028 2037 2052 2059 2066
1642 1637 1597 1619 1629 1657 1636 1663 1673 1696 1683 1658 1670 1671 1686 1670 1655 1683 1705 1677 1645 1671 1673 1703 1680 1679 1659 1672 1692 1719 1721 1708 1688 1662 1661 1671 1695 1684 1683 1702 1723 1733 1713 1724 1763 1810 1802 1817 1796 1794 1798 1762 1758 1783 1793 1804 1829 1816 1829 1862 1871 1883 1879 1876 1889 1929 1959 1973 1984 1988 1991 1995 2001 2008 2013 2017 2022 2031 2041 2050 2060 2066
1610 1623 1584 1595 1637 1654 1627 1642 1658 1696 1693 1682 1651 1646 1656 1657 1651 1680 1701 1678 1641 1632 1643 1680 1666 1644 1658 1680 1691 1723 1744 1706 1683 1678 1671 1652 1668 1669 1691 1696 1720 1705 1700 1732 1760 1775 1748 1782 1787 1763 1783 1760 1760 1792 1822 1825 1849 1855 1874 1876 1876 1889 1902 1889 1903 1949 1970 1977 1988 1993 1988 1998 2005 2011 2020 2027 2029 2038 2050 2059 2062 2063
1576 1599 1567 1582 1619 1631 1624 1609 1649 1672 1682 1695 1671 1668 1645 1638 1634 1659 1697 1687 1666 1638 1623 1663 1655 1635 1662 1693 1714 1735 1754 1724 1722 1707 1698 1667 1643 1665 1665 1675 1691 1676 1685 1704 1720 1736 1719 1735 1767 1743 1739 1743 1752 1784 1839 1855 1875 1890 1904 1905 1888 1889 1913 1923 1935 1958 1966 1970 1976 1980 1981 1991 2002 2014 2023 2028 2032 2040 2049 2059 2061 2069
1562 1570 1553 1548 1584 1605 1607 1588 1622 1645 1643 1670 1689 1680 1654 1629 1620 1650 1670 1656 1650 1650 1618 1644 1633 1634 1670 1682 1699 1731 1734 1747 1738 1741 1715 1667 1639 1646 1640 1643 1650 1650 1658 1677 1699 1682 1690 1715 1736 1748 1764 1769 1778 1766 1802 1835 1876 1906 1916 1920 1915 1903 1926 1942 1953 1950 1959 1972 1981 1979 1981 1994 2004 2011 2020 2028 2039 2042 2050 2063 2073 2078
1541 1536 1544 1533 1567 1577 1574 1559 1575 1608 1608 1647 1681 1684 1663 1632 1615 1624 1633 1623 1640 1636 1611 1619 1623 1653 1670 1675 1686 1704 1708 1737 1709 1693 1689 1657 1633 1638 1656 1658 1673 1679 1675 1663 1668 1683 1679 1678 1708 1754 1799 1786 1799 1786 1815 1839 1886 1903 1904 1921 1928 1920 1923 1928 1930 1941 1960 1974 1982 1989 1988 1995 2008 2015 2027 2029 2033 2044 2054 2067 2071 2076
1559 1521 1519 1522 1557 1560 1541 1557 1567 1574 1587 1616 1651 1667 1682 1648 1641 1620 1613 1605 1615 1620 1609 1630 1643 1653 1654 1687 1696 1692 1703 1733 1710 1673 1649 1633 1642 1658 1699 1712 1723 1734 1709 1687 1676 1700 1708 1704 1739 1769 1844 1813 1828 1833 1842 1873 1894 1891 1906 1914 1905 1909 1911 1918 1927 1952 1957 1966 1972 1980 1989 1990 1996 2006 2019 2029 2027 2037 2049 2058 2064 2076
1563 1552 1519 1513 1522 1524 1537 1573 1590 1586 1584 1602 1623 1655 1679 1674 1668 1646 1648 1633 1615 1598 1604 1627 1630 1626 1667 1701 1719 1730 1729 1750 1733 1690 1640 1641 1664 1686 1767 1776 1799 1818 1774 1710 1692 1709 1733 1746 1775 1805 1866 1871 1867 1855 1843 1863 1872 1881 1887 1889 1895 1928 1938 1943 1949 1963 1972 1976 1976 1980 1985 1987 1999 2009 2013 2018 2029 2036 2045 2058 2069 2078
1552 1546 1545 1519 1502 1505 1528 1564 1608 1613 1596 1604 1624 1643 1673 1674 1676 1675 1673 1665 1641 1613 1603 1594 1606 1634 1653 1665 1697 1717 1709 1719 1705 1686 1640 1636 1667 1696 1769 1809 1824 1845 1821 1749 1717 1707 1712 1731 1773 1852 1880 1898 1885 1861 1865 1885 1898 1899 1893 1903 1902 1919 1951 1962 1963 1969 1972 1977 1988 1991 1994 1997 2010 2018 2024 2024 2034 2045 2049 2064 2078 2089
1562 1545 1537 1542 1512 1495 1499 1516 1544 1600 1626 1618 1616 1638 1672 1662 1670 1675 1673 1666 1646 1638 1622 1589 1599 1615 1634 1661 1689 1676 1674 1668 1671 1682 1648 1619 1650 1663 1711 1780 1828 1843 1820 1808 1772 1753 1725 1736 1793 1852 1876 1897 1881 1885 1893 1902 1906 1918 1920 1910 1922 1924 1943 1961 1954 1960 1967 1977 1994 2003 2004 2006 2009 2017 2025 2032 2042 2050 2056 2067 2079 2091
1547 1548 1526 1539 1535 1517 1494 1487 1508 1538 1598 1640 1629 1652 1673 1667 1648 1644 1664 1657 1631 1612 1599 1582 1599 1619 1638 1661 1672 1658 1652 1639 1652 1664 1637 1613 1640 1670 1722 1773 1829 1848 1837 1843 1849 1848 1808 1756 1816 1869 1887 1889 1888 1890 1906 1911 1911 1919 1937 1926 1929 1951 1951 1954 1954 1966 1971 1978 1987 2002 2006 2003 2002 2011 2020 2026 2036 2047 2058 2075 2083 2092
1532 1539 1533 1518 1536 1532 1507 1488 1485 1507 1538 1597 1656 1661 1651 1654 1656 1632 1652 1661 1652 1627 1593 1578 1607 1623 1643 1647 1644 1646 1627 1623 1641 1624 1611 1628 1644 1666 1696 1757 1815 1841 1846 1854 1863 1869 1863 1852 1843 1872 1882 1880 1894 1896 1910 1923 1927 1917 1930 1941 1945 1958 1963 1949 1950 1968 1975 1985 1990 1989 1993 1995 2001 2010 2017 2025 2039 2051 2060 2075 2084 2091
1529 1523 1537 1510 1508 1527 1523 1503 1484 1477 1494 1543 1623 1670 1649 1632 1645 1632 1628 1644 1651 1628 1594 1574 1607 1624 1618 1604 1618 1616 1606 1609 1612 1608 1634 1656 1676 1703 1738 1814 1831 1849 1842 1851 1862 1854 1860 1873 1870 1878 1874 1880 1897 1910 1916 1926 1935 1921 1925 1945 1952 1960 1960 1943 1954 1960 1969 1977 1981 1977 1989 2003 2008 2014 2027 2038 2045 2053 2058 2066 2074 2086
1544 1517 1530 1517 1496 1518 1515 1508 1500 1476 1494 1522 1582 1661 1665 1632 1623 1628 1615 1618 1636 1628 1594 1568 1587 1589 1594 1576 1597 1608 1626 1638 1624 1623 1643 1666 1694 1731 1790 1818 1806 1831 1815 1827 1842 1845 1860 1870 1879 1874 1881 1882 1901 1909 1916 1911 1916 1917 1925 1943 1948 1953 1949 1939 1944 1953 1960 1959 1967 1980 1988 2003 2003 2010 2020 2031 2047 2048 2052 2054 2071 2088
1540 1515 1517 1501 1486 1507 1505 1490 1487 1469 1483 1504 1544 1638 1665 1640 1614 1609 1611 1599 1626 1640 1604 1563 1559 1557 1558 1565 1586 1605 1638 1651 1657 1658 1652 1684 1723 1736 1769 1768 1755 1755 1773 1818 1845 1841 1857 1873 1893 1896 1876 1884 1895 1900 1909 1907 1912 1916 1926 1932 1933 1942 1939 1913 1929 1941 1950 1952 1967 1975 1982 1993 2004 2019 2031 2032 2038 2043 2045 2051 2065 2080
