CREST2.1/CREST2.1_redist/CREST_Example/Basics/DEM.asc
ncols         197
nrows         167
xllcorner     33.94999
yllcorner     -0.1083333
cellsize      8.333334E-03
NODATA_value  -9999
[rows 111 to 147 of 167, columns 82 to 163 of 197]
1413 1411 1411 1421 1440 1439 1450 1474 1480 1492 1505 1486 1477 1510 1514 1503 1506 1543 1556 1550 1550 1549 1577 1611 1644 1601 1596 1608 1586 1557 1575 1568 1572 1562 1571 1612 1774 1797 1890 2041 2074 2071 2077 2060 2006 2012 1975 1987 1986 2002 1956 1947 1951 1976 1972 2004 2025 2038 2016 2000 2036 2055 2069 2065 2075 2071 2053 2058 2090 2119 2128 2134 2135 2146 2133 2127 2137 2145 2148 2152 2163 2167
1397 1403 1422 1447 1447 1437 1441 1452 1459 1474 1479 1468 1485 1493 1489 1500 1512 1522 1543 1565 1568 1573 1577 1608 1595 1587 1581 1603 1566 1572 1564 1559 1564 1565 1576 1602 1701 1893 1970 2059 2081 2082 2086 2050 1996 1971 1959 1980 1968 1988 1957 1944 1981 1986 1988 1998 2019 2048 2035 2042 2031 2036 2050 2059 2072 2084 2084 2063 2084 2118 2135 2146 2151 2157 2154 2142 2157 2166 2167 2167 2179 2181
1412 1429 1431 1436 1424 1411 1413 1419 1428 1445 1458 1462 1465 1477 1483 1505 1534 1551 1545 1580 1580 1586 1579 1586 1590 1594 1589 1577 1569 1559 1563 1574 1563 1561 1568 1600 1691 1835 1962 2022 2076 2035 2065 2073 2019 1997 1970 1955 1953 1979 1946 1944 1956 1980 1971 1978 1985 2013 2030 2060 2057 2052 2059 2076 2077 2085 2094 2088 2084 2098 2127 2139 2141 2157 2168 2158 2159 2172 2180 2189 2196 2192
1421 1439 1409 1408 1400 1416 1422 1431 1441 1455 1453 1479 1483 1476 1499 1497 1528 1560 1576 1575 1582 1577 1567 1566 1577 1595 1593 1567 1576 1557 1563 1579 1582 1573 1571 1588 1661 1768 1870 1953 2061 2033 2012 2054 2012 1977 1960 1946 1945 1950 1959 1930 1955 1973 1954 1958 1968 1987 2013 2031 2053 2075 2084 2086 2089 2093 2098 2103 2115 2112 2109 2143 2149 2155 2158 2166 2169 2169 2177 2192 2204 2204
1401 1417 1398 1392 1395 1434 1441 1455 1452 1441 1468 1486 1503 1493 1497 1519 1521 1564 1576 1561 1549 1576 1572 1556 1566 1587 1581 1575 1559 1558 1577 1580 1593 1601 1580 1589 1637 1718 1791 1949 2042 2038 1993 2024 2018 1971 1969 1981 1989 1961 1940 1948 1935 1952 1941 1955 1973 1970 2012 2042 2056 2072 2081 2089 2099 2108 2104 2112 2123 2125 2128 2147 2157 2161 2164 2174 2178 2182 2179 2196 2213 2220
1408 1399 1386 1390 1416 1422 1438 1466 1452 1430 1462 1508 1519 1525 1509 1527 1551 1552 1554 1544 1548 1561 1552 1555 1566 1570 1568 1563 1552 1569 1593 1594 1594 1591 1595 1600 1612 1650 1799 1923 1983 2007 1984 2011 2014 1998 2002 1996 1989 1982 1944 1952 1929 1929 1961 1961 1948 1987 2055 2063 2063 2044 2045 2069 2091 2104 2105 2118 2130 2136 2135 2144 2153 2156 2162 2171 2180 2196 2188 2196 2211 2220
1390 1383 1370 1377 1395 1408 1420 1420 1422 1448 1455 1487 1515 1501 1514 1532 1540 1546 1561 1537 1550 1548 1552 1563 1556 1547 1550 1556 1566 1564 1574 1578 1578 1572 1589 1593 1597 1622 1680 1813 1961 2026 1995 1977 1993 2008 1979 1982 1981 1963 1943 1929 1948 1929 1952 1931 1947 1969 2015 2011 1980 2032 2077 2075 2082 2095 2109 2119 2102 2089 2110 2137 2144 2151 2164 2171 2180 2190 2199 2199 2201 2208
1363 1371 1378 1391 1391 1386 1411 1446 1464 1489 1476 1474 1489 1514 1532 1545 1556 1541 1560 1534 1544 1538 1532 1532 1534 1544 1564 1563 1575 1572 1570 1588 1599 1601 1612 1605 1610 1620 1660 1780 1986 2028 2024 1987 1981 1998 1965 1962 1968 1981 1961 1942 1938 1920 1925 1915 1918 1931 1958 1956 1972 2056 2084 2092 2105 2106 2103 2068 2018 2014 2062 2138 2142 2161 2173 2185 2188 2192 2204 2220 2218 2211
1380 1393 1398 1396 1411 1411 1408 1432 1464 1475 1500 1489 1511 1535 1556 1552 1533 1535 1522 1534 1533 1523 1528 1540 1550 1547 1567 1583 1575 1592 1569 1576 1588 1588 1621 1630 1637 1625 1650 1805 1981 2052 2008 1981 1964 1961 1967 1936 1944 1953 1956 1951 1923 1926 1911 1913 1934 1931 1957 1978 2028 2062 2024 2029 2038 2037 2024 2005 1982 1970 2038 2079 2103 2165 2180 2169 2158 2181 2198 2218 2215 2197
1384 1382 1391 1398 1417 1422 1441 1437 1451 1474 1493 1515 1529 1536 1562 1569 1529 1510 1513 1518 1525 1546 1555 1562 1564 1573 1583 1603 1594 1594 1596 1579 1610 1601 1617 1630 1628 1624 1628 1724 1935 2030 2020 2004 1967 1953 1938 1948 1935 1922 1930 1954 1920 1912 1913 1923 1938 1927 1960 2006 2058 2024 1971 1963 1965 1968 1963 1962 1956 1966 2045 2066 2069 2137 2156 2129 2164 2179 2174 2201 2178 2178
1356 1368 1383 1409 1411 1439 1455 1458 1454 1471 1487 1520 1526 1522 1537 1537 1527 1516 1536 1531 1524 1538 1546 1548 1551 1570 1567 1581 1610 1607 1614 1592 1588 1585 1591 1599 1615 1619 1620 1688 1929 2031 2099 2031 1993 1967 1956 1955 1950 1949 1926 1913 1914 1934 1924 1930 1976 1947 1939 1985 1991 1995 1964 1954 1952 1951 1952 1953 1959 1966 2031 2056 2083 2099 2107 2123 2129 2146 2137 2136 2161 2176
1367 1365 1373 1382 1418 1445 1456 1464 1473 1470 1469 1488 1491 1498 1513 1512 1504 1505 1531 1551 1543 1531 1540 1536 1547 1551 1561 1569 1596 1599 1607 1613 1610 1598 1592 1598 1616 1621 1630 1651 1911 2056 2063 2021 1985 1966 1989 1977 1958 1941 1940 1911 1946 1955 1960 1936 1974 1984 1940 1943 1947 1971 1957 1949 1948 1950 1954 1956 1959 1968 2024 2059 2070 2084 2103 2108 2110 2121 2118 2118 2137 2168
1389 1374 1392 1407 1432 1460 1465 1452 1463 1463 1453 1472 1475 1479 1486 1488 1486 1498 1507 1534 1553 1538 1558 1558 1559 1556 1579 1580 1589 1590 1602 1613 1624 1622 1620 1627 1632 1646 1653 1669 1795 2028 2042 1999 1988 1998 1994 1991 1967 1955 1915 1911 1956 1971 1968 1942 1963 1994 1971 1995 1978 1945 1946 1946 1949 1952 1954 1957 1967 1978 1991 2043 2081 2093 2103 2110 2121 2127 2127 2122 2129 2143
1409 1386 1407 1426 1446 1450 1452 1451 1438 1440 1450 1475 1493 1496 1497 1491 1488 1508 1514 1542 1582 1558 1575 1567 1587 1573 1592 1597 1604 1587 1595 1604 1629 1647 1648 1661 1645 1652 1668 1697 1791 2077 2067 2028 2028 2000 1967 1948 1951 1949 1908 1938 1961 1952 1973 1967 1955 1987 2007 2010 1997 1954 1946 1946 1948 1958 1965 1970 1977 1974 1977 1993 2038 2080 2114 2122 2123 2133 2131 2127 2130 2137
1421 1412 1394 1423 1438 1450 1445 1440 1458 1457 1474 1474 1493 1516 1516 1516 1506 1498 1520 1563 1596 1580 1578 1566 1595 1579 1586 1619 1607 1585 1583 1591 1622 1622 1639 1634 1654 1668 1705 1695 1746 2011 2088 2065 2017 1998 1988 1973 1937 1923 1913 1954 1938 1931 1952 1983 1972 1984 2008 2035 2038 1983 1960 1961 1964 1968 1968 1976 1978 1973 1978 1983 1991 2008 2062 2128 2126 2125 2124 2131 2139 2143
1462 1436 1420 1421 1430 1429 1434 1451 1479 1495 1517 1501 1503 1510 1529 1540 1522 1516 1519 1551 1579 1597 1591 1574 1559 1545 1579 1613 1614 1600 1605 1611 1602 1613 1613 1632 1684 1725 1673 1655 1707 1892 2132 2052 2018 1970 1964 1966 1938 1903 1944 1932 1921 1943 1951 1977 1989 2007 2023 2020 2035 2017 1982 1966 1958 1959 1963 1985 1971 1973 1985 1991 1997 2008 2023 2098 2103 2120 2128 2133 2153 2157
1491 1467 1455 1468 1472 1439 1438 1458 1467 1493 1520 1521 1534 1533 1537 1559 1552 1535 1550 1547 1575 1594 1576 1560 1531 1524 1549 1583 1597 1588 1582 1651 1621 1614 1615 1624 1649 1653 1648 1681 1748 1871 2078 1991 1951 1950 1924 1958 1941 1904 1932 1906 1905 1904 1908 1932 1930 1944 1955 1968 1980 2015 2010 1974 1955 1972 1965 1966 1976 2001 1998 2008 2047 2074 2095 2093 2102 2130 2140 2148 2154 2167
1504 1501 1489 1486 1466 1454 1458 1452 1476 1485 1487 1496 1511 1530 1550 1570 1575 1562 1573 1563 1575 1569 1551 1540 1512 1512 1550 1574 1580 1557 1556 1564 1562 1565 1576 1604 1632 1662 1686 1697 1762 1902 2012 1948 1902 1928 1909 1907 1928 1909 1901 1918 1949 1927 1929 1922 1925 1931 1952 1954 1944 1985 1995 1965 1961 1975 1982 1983 1974 1989 2030 2032 2061 2088 2100 2104 2102 2106 2120 2153 2212 2190
1504 1483 1494 1510 1501 1474 1468 1484 1485 1508 1516 1523 1531 1534 1536 1549 1578 1575 1560 1559 1540 1533 1519 1509 1490 1511 1542 1545 1552 1548 1541 1536 1554 1584 1593 1617 1627 1654 1669 1717 1800 1887 1985 1973 1886 1888 1902 1878 1916 1903 1903 1934 1954 1961 1972 1978 1979 1992 2012 1995 1952 1943 1961 1990 1994 1991 1983 1977 1988 1986 2012 2022 2036 2082 2097 2108 2089 2097 2113 2122 2154 2191
1480 1509 1510 1502 1496 1494 1504 1517 1493 1487 1497 1541 1540 1539 1562 1578 1578 1546 1531 1525 1517 1502 1490 1479 1514 1546 1504 1497 1522 1547 1549 1570 1556 1561 1561 1609 1629 1659 1695 1732 1829 1847 1934 1898 1867 1851 1875 1875 1921 1907 1904 1937 1977 1980 1969 1994 1982 2009 2023 2001 1966 1980 1959 1979 1999 1974 1956 1961 1976 1985 2020 2033 2021 2066 2076 2081 2082 2089 2093 2091 2106 2128
1480 1498 1506 1499 1467 1487 1507 1501 1495 1485 1510 1504 1507 1526 1542 1559 1545 1524 1503 1499 1497 1488 1467 1494 1498 1496 1481 1510 1561 1586 1590 1594 1595 1577 1598 1645 1680 1699 1724 1751 1785 1821 1881 1866 1840 1860 1850 1890 1916 1890 1904 1923 1959 1973 1966 1973 1978 2001 2032 1993 1968 1992 1974 1979 2001 1975 1951 1980 1965 1979 2003 2018 1990 2001 2003 2061 2085 2061 2055 2078 2112 2140
1487 1463 1463 1456 1456 1468 1464 1465 1476 1478 1499 1479 1482 1492 1522 1516 1515 1485 1471 1472 1475 1471 1488 1490 1498 1492 1505 1541 1583 1605 1597 1617 1628 1587 1632 1667 1693 1714 1746 1762 1794 1824 1839 1847 1821 1836 1866 1901 1916 1894 1917 1924 1965 1960 1967 1957 1991 1994 2041 2018 1991 2010 1983 1987 2002 1963 1949 1968 1952 1971 1973 1990 1980 1986 1985 2013 2055 2032 2050 2094 2128 2148
1463 1441 1437 1461 1468 1432 1432 1437 1433 1436 1449 1447 1469 1475 1492 1486 1511 1463 1498 1509 1519 1508 1523 1540 1544 1552 1566 1574 1615 1609 1611 1643 1619 1642 1684 1711 1724 1721 1741 1765 1776 1800 1820 1824 1813 1827 1854 1878 1912 1895 1893 1919 1957 1942 1943 1964 1963 1978 2031 2046 2022 2010 1998 1998 2015 1977 1939 1942 1959 1952 1957 1966 1966 1972 1984 1989 1998 2027 2067 2105 2147 2198
1431 1422 1434 1435 1434 1442 1471 1468 1472 1476 1472 1436 1429 1441 1455 1444 1452 1468 1488 1512 1515 1520 1540 1558 1589 1593 1603 1599 1648 1628 1630 1651 1665 1699 1728 1740 1742 1730 1739 1757 1776 1781 1797 1802 1815 1835 1870 1886 1916 1899 1878 1929 1943 1932 1954 1944 1936 1966 1986 2001 2019 2003 1993 1983 2006 1977 1930 1940 1945 1948 1957 1958 1975 1994 2009 2021 2005 2000 2026 2056 2077 2131
1431 1456 1469 1496 1474 1448 1475 1505 1541 1530 1493 1463 1465 1463 1474 1465 1476 1495 1502 1518 1523 1547 1544 1540 1559 1585 1622 1627 1656 1671 1658 1641 1668 1729 1762 1768 1758 1766 1767 1783 1802 1795 1807 1823 1857 1860 1895 1909 1900 1880 1893 1922 1942 1928 1942 1928 1955 2000 1997 2001 2037 2024 1965 1963 1957 1940 1943 1957 1965 1977 1999 1986 1964 1976 1976 1992 2030 2038 2019 2024 2057 2110
1436 1444 1485 1542 1489 1481 1466 1480 1520 1535 1521 1499 1489 1502 1494 1499 1513 1530 1531 1543 1548 1562 1557 1551 1567 1571 1610 1640 1661 1690 1672 1659 1707 1758 1787 1790 1762 1762 1787 1808 1834 1800 1821 1810 1825 1827 1855 1873 1872 1864 1897 1933 1944 1923 1915 1908 1927 1968 1976 1956 2005 2000 1946 1943 1926 1932 1961 1984 1959 1962 1980 1999 1983 2051 2051 2034 2030 2009 2030 2052 2056 2069
1465 1460 1461 1496 1519 1511 1492 1489 1502 1518 1540 1550 1526 1528 1532 1542 1544 1555 1570 1569 1585 1572 1596 1588 1602 1612 1627 1669 1688 1696 1700 1710 1742 1782 1814 1810 1771 1788 1782 1815 1861 1820 1830 1843 1829 1846 1848 1838 1868 1911 1903 1924 1924 1904 1908 1933 1949 1922 1931 1918 1945 1938 1929 1942 1963 1972 1983 2016 2005 2002 1986 1983 2002 2003 2043 2118 2117 2049 2022 2040 2075 2109
1460 1479 1467 1499 1508 1540 1530 1503 1510 1540 1557 1557 1557 1555 1572 1597 1595 1592 1609 1619 1627 1627 1624 1616 1632 1667 1691 1711 1714 1720 1729 1774 1826 1809 1831 1802 1786 1796 1816 1819 1859 1843 1846 1863 1845 1828 1840 1864 1887 1928 1932 1926 1904 1920 1928 1941 1962 1941 1958 1935 1942 1948 2010 2044 1986 1978 1978 1981 1989 2014 2016 2003 2006 2033 2026 2052 2137 2159 2073 2042 2048 2118
1488 1497 1496 1512 1503 1547 1549 1536 1526 1521 1535 1581 1594 1588 1590 1599 1612 1626 1626 1627 1638 1656 1655 1655 1647 1664 1679 1686 1697 1721 1731 1767 1826 1825 1842 1829 1799 1824 1844 1844 1891 1880 1916 1889 1874 1860 1837 1835 1841 1868 1878 1891 1918 1950 1943 1972 1959 1956 -9999 -9999 2008 1994 2046 2046 2023 1998 2010 2005 2020 1993 2001 2026 2038 2030 2044 2089 2164 2234 2156 2152 2104 2179
1503 1480 1498 1496 1509 1520 1551 1570 1563 1553 1564 1581 1573 1570 1574 1598 1599 1605 1607 1611 1641 1661 1667 1687 1666 1668 1680 1702 1701 1706 1730 1769 1800 1799 1817 1837 1820 1835 1866 1894 1911 1931 1964 1934 1914 1881 1865 1875 1866 1868 1906 1911 1924 1947 1985 1976 -9999 -9999 -9999 -9999 -9999 -9999 2006 2054 2088 2044 2013 2035 2042 2012 2022 2020 2060 2094 2078 2058 2094 2119 2220 2278 2247 2221
1466 1471 1484 1479 1482 1493 1534 1537 1524 1525 1532 1553 1573 1601 1590 1603 1598 1605 1621 1638 1635 1650 1656 1684 1692 1706 1711 1703 1734 1732 1751 1763 1781 1787 1797 1845 1869 1895 1897 1915 1925 1965 1969 1967 1937 1929 1909 1914 1912 1868 1903 1937 1942 1960 -9999 -9999 -9999 -9999 -9999 -9999 -9999 -9999 -9999 -9999 2117 -9999 -9999 -9999 2011 2040 2022 2033 2064 2102 2112 2125 2083 2077 2135 2227 2311 2268
1499 1492 1497 1505 1499 1482 1495 1507 1534 1562 1575 1559 1577 1589 1597 1621 1630 1609 1627 1654 1674 1668 1690 1671 1701 1726 1729 1714 1734 1746 1749 1763 1805 1834 1830 1825 1852 1894 1945 1967 1958 1980 1956 1976 1958 1963 1939 1919 1897 1901 1900 1916 1935 -9999 -9999 -9999 -9999 -9999 -9999 -9999 -9999 -9999 -9999 -9999 -9999 -9999 -9999 -9999 -9999 2015 2036 2040 2035 2055 2056 2076 2079 2095 2100 2134 2217 2339
1535 1507 1509 1525 1511 1489 1522 1543 1570 1582 1605 1586 1578 1589 1595 1610 1634 1631 1666 1668 1683 1676 1706 1694 1690 1735 1741 1733 1750 1765 1772 1782 1814 1836 1873 1843 1859 1877 1919 1972 1986 2016 1996 2016 1975 1979 1941 1949 1925 1950 1928 1938 1939 -9999 -9999 -9999 -9999 -9999 -9999 -9999 -9999 -9999 -9999 -9999 -9999 -9999 -9999 -9999 -9999 -9999 2119 2108 2082 2087 2079 2093 2115 2105 2126 2184 2190 2295
1555 1527 1529 1545 1528 1504 1525 1566 1589 1596 1612 1611 1617 1603 1615 1627 1664 1644 1670 1708 1691 1698 1720 1729 1705 1720 -9999 -9999 -9999 -9999 1795 1850 1842 1842 1861 1846 1865 1869 1895 1924 1959 2002 2018 2025 2021 2012 1983 1958 -9999 -9999 -9999 -9999 -9999 -9999 -9999 -9999 -9999 -9999 -9999 -9999 -9999 -9999 -9999 -9999 -9999 -9999 -9999 -9999 -9999 -9999 -9999 -9999 -9999 -9999 -9999 2139 -9999 -9999 2151 2212 2318 2348
1523 1518 1505 1542 1554 1536 1517 1552 1565 1583 1592 1610 1632 1632 1657 1649 1689 1662 1656 -9999 -9999 -9999 -9999 -9999 -9999 -9999 -9999 -9999 -9999 -9999 -9999 1847 1875 1877 1871 1870 1872 1881 1921 1953 1980 1997 -9999 -9999 -9999 -9999 2035 -9999 -9999 -9999 -9999 -9999 -9999 -9999 -9999 -9999 -9999 -9999 -9999 -9999 -9999 -9999 -9999 -9999 -9999 -9999 -9999 -9999 -9999 -9999 -9999 -9999 -9999 -9999 -9999 -9999 -9999 -9999 -9999 -9999 -9999 -9999
1499 1499 1505 1536 1559 1566 1536 1576 1592 1581 1612 1626 1641 1663 1673 1660 -9999 -9999 -9999 -9999 -9999 -9999 -9999 -9999 -9999 -9999 -9999 -9999 -9999 -9999 -9999 -9999 -9999 -9999 -9999 -9999 -9999 -9999 -9999 -9999 -9999 -9999 -9999 -9999 -9999 -9999 -9999 -9999 -9999 -9999 -9999 -9999 -9999 -9999 -9999 -9999 -9999 -9999 -9999 -9999 -9999 -9999 -9999 -9999 -9999 -9999 -9999 -9999 -9999 -9999 -9999 -9999 -9999 -9999 -9999 -9999 -9999 -9999 -9999 -9999 -9999 -9999
1505 1500 1493 1502 1522 1544 1555 1579 1606 1610 1610 -9999 -9999 -9999 -9999 -9999 -9999 -9999 -9999 -9999 -9999 -9999 -9999 -9999 -9999 -9999 -9999 -9999 -9999 -9999 -9999 -9999 -9999 -9999 -9999 -9999 -9999 -9999 -9999 -9999 -9999 -9999 -9999 -9999 -9999 -9999 -9999 -9999 -9999 -9999 -9999 -9999 -9999 -9999 -9999 -9999 -9999 -9999 -9999 -9999 -9999 -9999 -9999 -9999 -9999 -9999 -9999 -9999 -9999 -9999 -9999 -9999 -9999 -9999 -9999 -9999 -9999 -9999 -9999 -9999 -9999 -9999
